Hours	Minutes	A1	A2	A3	A4	A5	A6	A7	A8	A9	A10	A11	A12	B1	B2	B3	B4	B5	B6	B7	B8	B9	B10	B11	B12	C1	C2	C3	C4	C5	C6	C7	C8	C9	C10	C11	C12	D1	D2	D3	D4	D5	D6	D7	D8	D9	D10	D11	D12	E1	E2	E3	E4	E5	E6	E7	E8	E9	E10	E11	E12	F1	F2	F3	F4	F5	F6	F7	F8	F9	F10	F11	F12	G1	G2	G3	G4	G5	G6	G7	G8	G9	G10	G11	G12	H1	H2	H3	H4	H5	H6	H7	H8	H9	H10	H11	H12
0.0	0.0	0.151	0.150	0.155	0.157	0.158	0.156	0.211	0.165	0.157	0.176	0.197	0.132	0.152	0.183	0.126	0.125	0.124	0.129	0.127	0.125	0.154	0.164	0.137	0.128	0.127	0.127	0.127	0.124	0.121	0.121	0.117	0.129	0.149	0.159	0.127	0.147	0.132	0.138	0.139	0.135	0.131	0.125	0.129	0.130	0.152	0.155	0.128	0.131	0.132	0.134	0.130	0.133	0.130	0.129	0.129	0.133	0.154	0.174	0.150	0.126	0.139	0.143	0.621	0.128	0.124	0.131	0.123	0.109	0.146	0.174	0.206	0.146	0.145	0.164	0.145	1.299	0.144	0.163	0.141	0.148	0.152	0.171	0.141	0.130	0.162	0.162	0.171	0.163	0.157	0.164	0.168	0.162	0.154	0.222	0.139	0.133
0.17	10.0	0.158	0.158	0.162	0.163	0.163	0.162	0.222	0.169	0.166	0.189	0.209	0.134	0.162	0.202	0.128	0.128	0.126	0.131	0.128	0.126	0.164	0.174	0.140	0.128	0.132	0.131	0.131	0.128	0.124	0.124	0.119	0.130	0.158	0.170	0.132	0.148	0.136	0.142	0.144	0.138	0.136	0.129	0.132	0.132	0.160	0.165	0.133	0.132	0.137	0.139	0.134	0.137	0.134	0.132	0.131	0.135	0.161	0.187	0.156	0.126	0.141	0.146	0.635	0.131	0.127	0.135	0.125	0.109	0.154	0.184	0.215	0.150	0.153	0.171	0.153	1.308	0.152	0.170	0.147	0.154	0.159	0.184	0.144	0.131	0.171	0.175	0.183	0.171	0.167	0.176	0.178	0.171	0.159	0.243	0.141	0.133
0.33	20.0	0.173	0.172	0.176	0.174	0.173	0.168	0.231	0.178	0.179	0.217	0.224	0.137	0.167	0.217	0.133	0.133	0.131	0.135	0.130	0.128	0.174	0.197	0.146	0.131	0.136	0.137	0.135	0.133	0.128	0.127	0.120	0.131	0.169	0.190	0.135	0.150	0.142	0.147	0.148	0.143	0.139	0.131	0.133	0.134	0.170	0.185	0.137	0.134	0.144	0.148	0.141	0.143	0.138	0.135	0.133	0.137	0.170	0.206	0.161	0.128	0.153	0.154	0.636	0.135	0.131	0.138	0.125	0.109	0.161	0.200	0.229	0.153	0.166	0.181	0.161	1.321	0.158	0.176	0.152	0.158	0.163	0.195	0.146	0.133	0.191	0.192	0.195	0.183	0.181	0.188	0.183	0.178	0.163	0.259	0.143	0.134
0.5	30.0	0.187	0.187	0.193	0.191	0.188	0.181	0.241	0.182	0.196	0.246	0.242	0.138	0.177	0.236	0.141	0.139	0.135	0.138	0.132	0.130	0.193	0.226	0.152	0.131	0.139	0.141	0.139	0.138	0.131	0.129	0.121	0.133	0.185	0.219	0.142	0.151	0.148	0.155	0.155	0.150	0.144	0.135	0.135	0.136	0.188	0.211	0.143	0.135	0.150	0.154	0.147	0.150	0.143	0.139	0.135	0.139	0.184	0.227	0.167	0.130	0.162	0.161	0.648	0.140	0.134	0.143	0.127	0.110	0.171	0.215	0.243	0.156	0.172	0.189	0.173	1.323	0.167	0.183	0.156	0.163	0.167	0.204	0.149	0.134	0.214	0.219	0.224	0.205	0.196	0.201	0.186	0.182	0.165	0.266	0.145	0.136
0.67	40.0	0.207	0.209	0.216	0.205	0.202	0.192	0.246	0.186	0.218	0.291	0.261	0.140	0.183	0.255	0.145	0.145	0.140	0.141	0.133	0.132	0.213	0.262	0.160	0.133	0.148	0.148	0.147	0.145	0.136	0.132	0.122	0.134	0.206	0.255	0.148	0.156	0.154	0.165	0.164	0.157	0.149	0.138	0.136	0.136	0.209	0.246	0.150	0.138	0.158	0.164	0.155	0.158	0.148	0.142	0.137	0.140	0.200	0.251	0.175	0.132	0.169	0.174	0.657	0.145	0.138	0.146	0.128	0.110	0.181	0.231	0.255	0.158	0.185	0.199	0.186	1.326	0.175	0.189	0.157	0.166	0.169	0.210	0.150	0.135	0.248	0.252	0.254	0.233	0.214	0.212	0.186	0.183	0.165	0.269	0.145	0.137
0.83	50.0	0.232	0.232	0.236	0.252	0.226	0.204	0.257	0.189	0.247	0.342	0.276	0.143	0.193	0.275	0.151	0.152	0.144	0.145	0.135	0.132	0.244	0.308	0.171	0.135	0.152	0.149	0.155	0.150	0.140	0.135	0.123	0.135	0.234	0.291	0.159	0.160	0.164	0.177	0.173	0.164	0.154	0.141	0.137	0.136	0.238	0.289	0.157	0.140	0.169	0.176	0.164	0.168	0.153	0.145	0.137	0.139	0.220	0.277	0.182	0.134	0.176	0.186	0.662	0.151	0.143	0.150	0.128	0.110	0.193	0.248	0.263	0.160	0.198	0.213	0.196	1.333	0.181	0.194	0.159	0.166	0.170	0.213	0.150	0.135	0.285	0.291	0.289	0.261	0.240	0.227	0.187	0.183	0.167	0.272	0.146	0.138
1.0	60.0	0.259	0.265	0.271	0.293	0.258	0.228	0.263	0.194	0.285	0.400	0.285	0.145	0.204	0.292	0.160	0.159	0.149	0.148	0.135	0.132	0.273	0.367	0.185	0.136	0.158	0.164	0.166	0.155	0.144	0.137	0.123	0.134	0.263	0.350	0.168	0.169	0.171	0.188	0.184	0.171	0.159	0.144	0.137	0.136	0.272	0.335	0.163	0.142	0.181	0.189	0.172	0.177	0.157	0.148	0.137	0.140	0.243	0.302	0.188	0.134	0.188	0.199	0.672	0.157	0.147	0.154	0.128	0.110	0.202	0.265	0.268	0.161	0.210	0.224	0.208	1.345	0.188	0.199	0.159	0.167	0.170	0.212	0.151	0.136	0.330	0.335	0.336	0.298	0.276	0.242	0.190	0.186	0.170	0.269	0.146	0.139
1.17	70.0	0.296	0.298	0.309	0.294	0.247	0.235	0.246	0.197	0.329	0.458	0.298	0.142	0.228	0.302	0.173	0.168	0.154	0.152	0.134	0.133	0.321	0.421	0.194	0.137	0.168	0.174	0.172	0.162	0.149	0.139	0.123	0.135	0.305	0.403	0.178	0.168	0.182	0.201	0.197	0.180	0.163	0.147	0.137	0.136	0.313	0.390	0.170	0.144	0.199	0.207	0.189	0.187	0.163	0.150	0.152	0.140	0.266	0.341	0.194	0.136	0.198	0.206	0.680	0.163	0.151	0.158	0.128	0.110	0.206	0.278	0.277	0.163	0.230	0.239	0.226	1.355	0.197	0.204	0.158	0.166	0.171	0.209	0.152	0.137	0.387	0.386	0.372	0.319	0.306	0.236	0.192	0.185	0.166	0.267	0.148	0.137
1.33	80.0	0.327	0.331	0.343	0.331	0.262	0.241	0.251	0.200	0.379	0.508	0.315	0.150	0.240	0.320	0.176	0.174	0.163	0.155	0.135	0.135	0.366	0.471	0.210	0.142	0.179	0.183	0.184	0.173	0.154	0.141	0.124	0.135	0.351	0.457	0.194	0.170	0.189	0.212	0.207	0.189	0.170	0.152	0.137	0.137	0.384	0.463	0.178	0.146	0.214	0.228	0.201	0.202	0.169	0.154	0.138	0.144	0.288	0.326	0.201	0.137	0.208	0.224	0.697	0.170	0.156	0.166	0.129	0.110	0.226	0.276	0.286	0.165	0.252	0.266	0.246	1.361	0.215	0.210	0.159	0.167	0.171	0.213	0.152	0.138	0.428	0.438	0.414	0.362	0.308	0.286	0.186	0.182	0.169	0.267	0.144	0.137
1.5	90.0	0.357	0.371	0.396	0.365	0.287	0.251	0.246	0.196	0.426	0.543	0.326	0.154	0.257	0.339	0.190	0.185	0.170	0.163	0.135	0.135	0.418	0.537	0.224	0.144	0.189	0.192	0.195	0.184	0.164	0.144	0.126	0.137	0.383	0.503	0.198	0.171	0.211	0.223	0.219	0.202	0.179	0.157	0.138	0.140	0.303	0.441	0.185	0.147	0.229	0.253	0.224	0.214	0.179	0.159	0.139	0.143	0.288	0.346	0.205	0.138	0.225	0.237	0.703	0.175	0.162	0.173	0.129	0.111	0.247	0.351	0.300	0.168	0.274	0.286	0.270	1.375	0.205	0.231	0.160	0.168	0.172	0.212	0.151	0.139	0.479	0.498	0.463	0.417	0.352	0.332	0.197	0.181	0.169	0.271	0.144	0.140
1.67	100.0	0.389	0.401	0.432	0.392	0.303	0.255	0.243	0.193	0.453	0.582	0.360	0.156	0.262	0.348	0.205	0.196	0.175	0.167	0.131	0.138	0.452	0.584	0.238	0.149	0.198	0.206	0.204	0.187	0.169	0.154	0.127	0.140	0.432	0.541	0.219	0.178	0.229	0.233	0.230	0.215	0.181	0.165	0.141	0.139	0.402	0.542	0.192	0.154	0.245	0.273	0.241	0.240	0.188	0.158	0.141	0.144	0.333	0.320	0.215	0.140	0.251	0.246	0.717	0.190	0.169	0.176	0.130	0.111	0.305	0.374	0.319	0.172	0.302	0.314	0.299	1.374	0.231	0.242	0.162	0.170	0.174	0.210	0.151	0.142	0.517	0.546	0.498	0.467	0.373	0.343	0.207	0.185	0.171	0.271	0.147	0.138
1.83	110.0	0.412	0.437	0.476	0.423	0.337	0.259	0.246	0.187	0.482	0.600	0.387	0.159	0.274	0.367	0.216	0.208	0.185	0.175	0.131	0.136	0.475	0.634	0.248	0.149	0.214	0.218	0.221	0.199	0.182	0.156	0.127	0.134	0.457	0.571	0.225	0.181	0.235	0.257	0.244	0.224	0.193	0.169	0.143	0.139	0.482	0.545	0.214	0.154	0.268	0.301	0.262	0.245	0.194	0.172	0.137	0.144	0.364	0.373	0.229	0.142	0.264	0.257	0.724	0.196	0.177	0.187	0.130	0.111	0.318	0.380	0.344	0.167	0.328	0.333	0.331	1.387	0.248	0.245	0.161	0.171	0.177	0.206	0.150	0.143	0.571	0.590	0.535	0.512	0.425	0.385	0.209	0.192	0.172	0.273	0.146	0.141
2.0	120.0	0.448	0.475	0.505	0.449	0.355	0.262	0.248	0.190	0.512	0.603	0.403	0.158	0.291	0.400	0.236	0.224	0.198	0.178	0.133	0.134	0.495	0.657	0.268	0.151	0.223	0.235	0.231	0.216	0.187	0.160	0.125	0.133	0.487	0.592	0.246	0.183	0.255	0.276	0.267	0.243	0.203	0.174	0.139	0.136	0.496	0.568	0.224	0.155	0.287	0.320	0.291	0.265	0.203	0.179	0.136	0.142	0.405	0.415	0.249	0.145	0.282	0.288	0.737	0.209	0.190	0.204	0.129	0.110	0.337	0.419	0.351	0.173	0.360	0.364	0.356	1.392	0.248	0.261	0.162	0.168	0.172	0.219	0.154	0.139	0.611	0.626	0.564	0.556	0.472	0.424	0.213	0.203	0.172	0.270	0.150	0.140
2.17	130.0	0.474	0.493	0.525	0.471	0.371	0.262	0.246	0.188	0.534	0.629	0.429	0.162	0.308	0.413	0.253	0.240	0.208	0.184	0.133	0.134	0.524	0.674	0.285	0.152	0.238	0.245	0.248	0.224	0.198	0.162	0.124	0.134	0.498	0.599	0.259	0.188	0.271	0.294	0.291	0.259	0.218	0.181	0.138	0.138	0.527	0.601	0.245	0.155	0.309	0.347	0.315	0.284	0.213	0.182	0.137	0.141	0.440	0.472	0.264	0.143	0.304	0.300	0.749	0.223	0.199	0.210	0.130	0.110	0.354	0.426	0.369	0.176	0.381	0.392	0.380	1.400	0.269	0.265	0.160	0.169	0.180	0.207	0.155	0.140	0.642	0.646	0.591	0.582	0.510	0.462	0.214	0.207	0.172	0.271	0.148	0.140
2.33	140.0	0.508	0.525	0.552	0.501	0.386	0.260	0.246	0.184	0.514	0.643	0.422	0.165	0.339	0.430	0.267	0.258	0.221	0.188	0.133	0.133	0.541	0.679	0.305	0.155	0.261	0.258	0.259	0.241	0.210	0.165	0.124	0.136	0.528	0.616	0.275	0.191	0.288	0.310	0.304	0.272	0.230	0.185	0.138	0.137	0.548	0.615	0.258	0.157	0.324	0.378	0.347	0.293	0.222	0.186	0.139	0.142	0.468	0.482	0.281	0.146	0.321	0.315	0.765	0.236	0.208	0.217	0.129	0.110	0.371	0.445	0.383	0.176	0.417	0.409	0.386	1.411	0.279	0.283	0.162	0.169	0.175	0.207	0.152	0.140	0.649	0.644	0.595	0.605	0.542	0.496	0.218	0.209	0.172	0.276	0.148	0.139
2.5	150.0	0.522	0.553	0.581	0.534	0.400	0.261	0.247	0.186	0.544	0.639	0.453	0.168	0.340	0.440	0.294	0.278	0.233	0.192	0.134	0.134	0.558	0.681	0.324	0.159	0.277	0.275	0.275	0.251	0.221	0.169	0.125	0.135	0.539	0.637	0.291	0.192	0.302	0.323	0.321	0.289	0.241	0.190	0.138	0.138	0.544	0.623	0.274	0.160	0.332	0.394	0.350	0.318	0.232	0.185	0.139	0.146	0.490	0.532	0.298	0.147	0.323	0.334	0.775	0.248	0.218	0.224	0.130	0.111	0.393	0.467	0.398	0.177	0.432	0.419	0.422	1.417	0.300	0.290	0.162	0.170	0.179	0.213	0.153	0.139	0.655	0.643	0.604	0.610	0.570	0.514	0.221	0.206	0.173	0.273	0.149	0.141
2.67	160.0	0.533	0.562	0.587	0.544	0.414	0.258	0.249	0.191	0.560	0.665	0.452	0.173	0.366	0.455	0.301	0.293	0.243	0.196	0.135	0.134	0.551	0.685	0.340	0.161	0.288	0.300	0.289	0.270	0.233	0.171	0.125	0.136	0.531	0.660	0.301	0.202	0.315	0.349	0.329	0.306	0.253	0.193	0.138	0.138	0.564	0.625	0.288	0.162	0.379	0.416	0.382	0.334	0.241	0.187	0.138	0.146	0.521	0.553	0.314	0.148	0.343	0.341	0.787	0.264	0.230	0.232	0.131	0.111	0.410	0.469	0.408	0.178	0.435	0.454	0.443	1.415	0.328	0.303	0.163	0.170	0.184	0.216	0.154	0.141	0.653	0.653	0.606	0.612	0.594	0.548	0.229	0.207	0.172	0.270	0.148	0.140
2.83	170.0	0.538	0.558	0.582	0.543	0.422	0.260	0.245	0.188	0.548	0.675	0.477	0.178	0.376	0.477	0.314	0.313	0.259	0.198	0.135	0.135	0.547	0.686	0.350	0.160	0.314	0.318	0.303	0.285	0.246	0.173	0.125	0.136	0.544	0.667	0.324	0.203	0.332	0.373	0.355	0.327	0.267	0.196	0.139	0.140	0.543	0.611	0.304	0.166	0.375	0.429	0.405	0.349	0.251	0.186	0.139	0.146	0.534	0.567	0.330	0.149	0.364	0.354	0.796	0.279	0.242	0.239	0.130	0.111	0.425	0.502	0.419	0.177	0.476	0.471	0.454	1.425	0.335	0.313	0.163	0.171	0.179	0.219	0.153	0.141	0.664	0.655	0.619	0.618	0.610	0.574	0.228	0.204	0.172	0.270	0.148	0.141
3.0	180.0	0.543	0.560	0.599	0.555	0.450	0.260	0.244	0.191	0.533	0.686	0.473	0.183	0.387	0.477	0.332	0.332	0.274	0.201	0.134	0.135	0.555	0.694	0.373	0.164	0.328	0.331	0.316	0.296	0.260	0.174	0.126	0.136	0.559	0.676	0.333	0.206	0.349	0.401	0.371	0.342	0.281	0.200	0.139	0.140	0.567	0.601	0.316	0.168	0.401	0.445	0.425	0.362	0.264	0.187	0.140	0.147	0.547	0.568	0.345	0.150	0.375	0.373	0.812	0.292	0.255	0.247	0.130	0.111	0.442	0.510	0.431	0.179	0.506	0.476	0.466	1.428	0.353	0.324	0.163	0.169	0.177	0.219	0.153	0.140	0.675	0.651	0.618	0.627	0.615	0.584	0.234	0.209	0.173	0.269	0.148	0.140
3.17	190.0	0.556	0.568	0.605	0.559	0.449	0.258	0.244	0.192	0.522	0.686	0.471	0.188	0.398	0.480	0.352	0.347	0.289	0.205	0.134	0.135	0.537	0.679	0.388	0.164	0.340	0.352	0.340	0.311	0.274	0.176	0.126	0.136	0.560	0.667	0.351	0.210	0.362	0.407	0.389	0.359	0.295	0.203	0.139	0.138	0.563	0.630	0.334	0.171	0.399	0.459	0.433	0.382	0.276	0.188	0.140	0.147	0.565	0.588	0.362	0.152	0.395	0.397	0.823	0.307	0.269	0.254	0.130	0.111	0.454	0.511	0.441	0.178	0.480	0.490	0.472	1.434	0.367	0.332	0.163	0.170	0.177	0.218	0.153	0.141	0.679	0.657	0.624	0.630	0.610	0.587	0.239	0.213	0.172	0.274	0.148	0.140
3.33	200.0	0.557	0.572	0.608	0.561	0.463	0.257	0.237	0.193	0.536	0.715	0.483	0.192	0.410	0.478	0.364	0.365	0.305	0.209	0.134	0.136	0.550	0.679	0.398	0.172	0.352	0.370	0.352	0.327	0.289	0.178	0.126	0.135	0.550	0.675	0.359	0.216	0.381	0.415	0.403	0.376	0.309	0.207	0.140	0.139	0.568	0.587	0.347	0.175	0.426	0.467	0.449	0.382	0.289	0.189	0.140	0.146	0.561	0.590	0.377	0.154	0.411	0.406	0.834	0.323	0.285	0.262	0.131	0.111	0.465	0.512	0.451	0.179	0.521	0.501	0.490	1.437	0.383	0.343	0.163	0.171	0.176	0.216	0.154	0.141	0.681	0.659	0.624	0.639	0.612	0.578	0.244	0.212	0.172	0.271	0.148	0.141
3.5	210.0	0.565	0.573	0.611	0.556	0.468	0.258	0.241	0.193	0.539	0.721	0.484	0.193	0.415	0.507	0.384	0.379	0.320	0.212	0.134	0.135	0.533	0.687	0.411	0.177	0.370	0.381	0.365	0.339	0.304	0.179	0.126	0.135	0.527	0.686	0.380	0.220	0.396	0.436	0.418	0.391	0.322	0.210	0.139	0.139	0.578	0.599	0.364	0.176	0.422	0.480	0.453	0.411	0.302	0.190	0.140	0.147	0.578	0.596	0.391	0.154	0.424	0.423	0.847	0.335	0.296	0.269	0.131	0.111	0.475	0.528	0.460	0.179	0.512	0.506	0.482	1.433	0.400	0.354	0.163	0.171	0.175	0.213	0.153	0.140	0.684	0.667	0.626	0.639	0.619	0.585	0.251	0.216	0.172	0.274	0.148	0.140
3.67	220.0	0.564	0.573	0.619	0.559	0.481	0.258	0.242	0.193	0.549	0.712	0.488	0.198	0.427	0.503	0.391	0.393	0.335	0.214	0.134	0.135	0.556	0.683	0.433	0.179	0.386	0.397	0.383	0.351	0.319	0.181	0.126	0.136	0.556	0.664	0.392	0.228	0.407	0.454	0.429	0.408	0.335	0.213	0.139	0.139	0.567	0.614	0.376	0.181	0.438	0.487	0.452	0.414	0.316	0.189	0.139	0.147	0.571	0.605	0.404	0.154	0.435	0.437	0.856	0.350	0.310	0.277	0.130	0.111	0.482	0.530	0.468	0.180	0.517	0.511	0.494	1.435	0.407	0.365	0.161	0.170	0.173	0.213	0.153	0.141	0.691	0.667	0.633	0.646	0.621	0.598	0.255	0.215	0.172	0.273	0.148	0.141
3.83	230.0	0.565	0.567	0.615	0.565	0.483	0.257	0.238	0.192	0.544	0.713	0.493	0.203	0.426	0.501	0.410	0.405	0.349	0.219	0.134	0.135	0.553	0.684	0.449	0.183	0.401	0.410	0.397	0.366	0.333	0.183	0.126	0.136	0.546	0.656	0.403	0.229	0.414	0.462	0.445	0.421	0.348	0.217	0.139	0.139	0.567	0.620	0.386	0.183	0.450	0.504	0.466	0.425	0.330	0.190	0.139	0.148	0.591	0.620	0.417	0.156	0.443	0.446	0.861	0.360	0.326	0.285	0.130	0.111	0.490	0.534	0.476	0.181	0.532	0.519	0.500	1.439	0.429	0.379	0.160	0.171	0.175	0.217	0.153	0.140	0.694	0.673	0.629	0.643	0.623	0.591	0.261	0.215	0.172	0.272	0.148	0.140
4.0	240.0	0.568	0.574	0.615	0.563	0.494	0.257	0.242	0.192	0.533	0.704	0.492	0.209	0.439	0.505	0.429	0.417	0.364	0.221	0.134	0.136	0.545	0.682	0.454	0.187	0.415	0.425	0.408	0.378	0.346	0.184	0.126	0.136	0.555	0.654	0.417	0.233	0.423	0.470	0.456	0.435	0.361	0.220	0.139	0.139	0.560	0.628	0.399	0.188	0.451	0.505	0.474	0.427	0.341	0.190	0.140	0.147	0.576	0.617	0.428	0.156	0.453	0.451	0.877	0.373	0.341	0.293	0.130	0.111	0.496	0.538	0.482	0.180	0.516	0.524	0.498	1.442	0.440	0.389	0.160	0.170	0.174	0.214	0.153	0.140	0.698	0.675	0.625	0.644	0.622	0.598	0.270	0.217	0.172	0.264	0.148	0.140
4.17	250.0	0.575	0.574	0.617	0.563	0.503	0.255	0.240	0.193	0.541	0.699	0.488	0.214	0.441	0.510	0.434	0.430	0.378	0.225	0.134	0.136	0.564	0.679	0.457	0.191	0.420	0.445	0.422	0.385	0.361	0.185	0.127	0.136	0.552	0.659	0.421	0.240	0.428	0.478	0.465	0.444	0.370	0.224	0.139	0.140	0.567	0.642	0.404	0.192	0.469	0.511	0.482	0.444	0.354	0.191	0.139	0.147	0.572	0.620	0.438	0.158	0.458	0.459	0.885	0.384	0.354	0.301	0.131	0.111	0.501	0.538	0.487	0.180	0.525	0.524	0.506	1.446	0.443	0.400	0.160	0.171	0.173	0.213	0.153	0.140	0.702	0.672	0.630	0.650	0.624	0.605	0.277	0.221	0.173	0.271	0.148	0.140
4.33	260.0	0.565	0.581	0.615	0.565	0.512	0.254	0.237	0.193	0.537	0.709	0.491	0.219	0.443	0.514	0.443	0.439	0.391	0.229	0.134	0.137	0.565	0.682	0.473	0.198	0.427	0.449	0.435	0.391	0.374	0.187	0.127	0.137	0.557	0.661	0.433	0.244	0.436	0.483	0.474	0.453	0.384	0.227	0.140	0.140	0.573	0.621	0.410	0.198	0.465	0.518	0.484	0.449	0.365	0.191	0.141	0.147	0.573	0.616	0.447	0.159	0.465	0.465	0.889	0.399	0.368	0.309	0.130	0.111	0.504	0.540	0.493	0.180	0.519	0.533	0.508	1.436	0.459	0.411	0.160	0.171	0.175	0.210	0.154	0.141	0.699	0.677	0.631	0.658	0.627	0.602	0.283	0.220	0.172	0.270	0.148	0.140
4.5	270.0	0.579	0.584	0.621	0.569	0.510	0.251	0.235	0.194	0.535	0.710	0.495	0.226	0.447	0.512	0.451	0.450	0.404	0.232	0.135	0.136	0.560	0.672	0.483	0.199	0.437	0.461	0.439	0.395	0.387	0.188	0.127	0.136	0.553	0.684	0.436	0.250	0.441	0.493	0.480	0.458	0.393	0.230	0.139	0.139	0.569	0.611	0.416	0.202	0.471	0.513	0.491	0.450	0.376	0.192	0.140	0.148	0.586	0.615	0.458	0.159	0.463	0.477	0.895	0.407	0.381	0.316	0.130	0.111	0.507	0.544	0.493	0.180	0.527	0.525	0.511	1.439	0.455	0.420	0.159	0.170	0.175	0.212	0.153	0.141	0.706	0.671	0.628	0.652	0.634	0.602	0.288	0.224	0.172	0.271	0.148	0.140
4.67	280.0	0.580	0.583	0.623	0.572	0.509	0.254	0.238	0.192	0.536	0.705	0.492	0.233	0.446	0.518	0.462	0.458	0.416	0.236	0.134	0.136	0.559	0.669	0.489	0.207	0.440	0.461	0.450	0.403	0.397	0.191	0.127	0.136	0.549	0.673	0.444	0.257	0.443	0.493	0.481	0.464	0.401	0.234	0.140	0.139	0.572	0.624	0.422	0.207	0.477	0.520	0.488	0.453	0.388	0.192	0.140	0.148	0.590	0.613	0.467	0.160	0.472	0.474	0.895	0.417	0.392	0.322	0.131	0.111	0.509	0.540	0.499	0.181	0.527	0.530	0.502	1.439	0.472	0.431	0.159	0.169	0.176	0.211	0.153	0.141	0.705	0.673	0.628	0.658	0.631	0.608	0.300	0.227	0.173	0.267	0.148	0.141
4.83	290.0	0.583	0.582	0.621	0.565	0.518	0.253	0.234	0.194	0.541	0.718	0.493	0.243	0.453	0.517	0.462	0.462	0.427	0.240	0.134	0.136	0.562	0.667	0.487	0.214	0.446	0.469	0.454	0.414	0.409	0.192	0.127	0.136	0.550	0.656	0.446	0.265	0.448	0.500	0.486	0.467	0.412	0.237	0.140	0.140	0.568	0.614	0.429	0.212	0.473	0.520	0.489	0.456	0.398	0.191	0.141	0.148	0.594	0.611	0.473	0.162	0.474	0.483	0.899	0.424	0.400	0.328	0.131	0.112	0.514	0.542	0.502	0.181	0.523	0.527	0.509	1.438	0.477	0.440	0.159	0.168	0.176	0.209	0.154	0.141	0.708	0.674	0.622	0.660	0.633	0.610	0.303	0.226	0.172	0.268	0.148	0.140
5.0	300.0	0.585	0.579	0.623	0.571	0.523	0.253	0.231	0.195	0.541	0.727	0.491	0.250	0.451	0.520	0.471	0.463	0.436	0.242	0.134	0.137	0.563	0.672	0.489	0.222	0.450	0.475	0.456	0.417	0.419	0.194	0.127	0.136	0.551	0.667	0.452	0.274	0.448	0.504	0.489	0.471	0.420	0.240	0.140	0.139	0.574	0.610	0.435	0.220	0.471	0.523	0.493	0.460	0.407	0.193	0.141	0.148	0.592	0.610	0.479	0.162	0.477	0.484	0.902	0.430	0.411	0.335	0.131	0.111	0.517	0.544	0.504	0.181	0.516	0.529	0.506	1.440	0.478	0.450	0.159	0.167	0.175	0.210	0.153	0.141	0.712	0.671	0.622	0.665	0.633	0.615	0.316	0.229	0.172	0.267	0.148	0.140
5.17	310.0	0.585	0.584	0.624	0.570	0.515	0.252	0.234	0.194	0.541	0.725	0.495	0.260	0.460	0.521	0.475	0.467	0.443	0.246	0.134	0.137	0.560	0.666	0.492	0.228	0.448	0.476	0.459	0.419	0.428	0.195	0.127	0.136	0.545	0.677	0.452	0.282	0.449	0.508	0.495	0.476	0.424	0.244	0.140	0.139	0.574	0.621	0.435	0.228	0.470	0.518	0.494	0.459	0.416	0.193	0.140	0.148	0.593	0.620	0.483	0.163	0.474	0.483	0.904	0.433	0.420	0.342	0.131	0.111	0.518	0.547	0.508	0.181	0.528	0.530	0.511	1.433	0.482	0.459	0.158	0.167	0.174	0.207	0.153	0.141	0.702	0.680	0.616	0.662	0.627	0.618	0.320	0.232	0.172	0.267	0.148	0.140
5.33	320.0	0.584	0.585	0.624	0.569	0.514	0.251	0.231	0.193	0.541	0.725	0.495	0.270	0.458	0.520	0.475	0.470	0.450	0.250	0.134	0.137	0.561	0.660	0.492	0.243	0.456	0.480	0.462	0.423	0.435	0.197	0.128	0.136	0.554	0.661	0.459	0.291	0.451	0.504	0.495	0.478	0.428	0.247	0.140	0.140	0.567	0.628	0.437	0.238	0.476	0.519	0.491	0.463	0.424	0.193	0.140	0.148	0.594	0.621	0.486	0.165	0.479	0.489	0.903	0.439	0.426	0.347	0.131	0.111	0.522	0.546	0.509	0.181	0.525	0.517	0.500	1.437	0.489	0.467	0.159	0.167	0.175	0.208	0.153	0.141	0.705	0.677	0.614	0.657	0.629	0.621	0.329	0.233	0.170	0.261	0.149	0.141
5.5	330.0	0.595	0.586	0.625	0.571	0.516	0.252	0.233	0.194	0.537	0.714	0.495	0.281	0.459	0.521	0.477	0.472	0.456	0.254	0.134	0.136	0.561	0.671	0.490	0.256	0.455	0.482	0.462	0.422	0.441	0.198	0.127	0.136	0.547	0.674	0.457	0.301	0.458	0.507	0.498	0.478	0.431	0.250	0.140	0.140	0.571	0.624	0.439	0.249	0.477	0.521	0.493	0.460	0.430	0.193	0.140	0.149	0.594	0.616	0.489	0.165	0.479	0.489	0.907	0.436	0.434	0.352	0.131	0.111	0.525	0.547	0.511	0.181	0.529	0.515	0.504	1.435	0.488	0.475	0.159	0.166	0.174	0.207	0.153	0.140	0.711	0.671	0.613	0.668	0.638	0.626	0.335	0.237	0.171	0.263	0.149	0.140
5.67	340.0	0.592	0.581	0.626	0.570	0.520	0.250	0.229	0.195	0.542	0.697	0.495	0.296	0.456	0.518	0.478	0.472	0.461	0.257	0.134	0.137	0.559	0.662	0.489	0.269	0.459	0.481	0.463	0.425	0.444	0.200	0.128	0.136	0.542	0.672	0.457	0.310	0.456	0.508	0.500	0.479	0.436	0.252	0.140	0.140	0.561	0.633	0.443	0.261	0.477	0.518	0.493	0.464	0.437	0.194	0.140	0.149	0.592	0.626	0.489	0.167	0.481	0.492	0.908	0.440	0.439	0.358	0.131	0.111	0.524	0.548	0.513	0.180	0.528	0.526	0.507	1.431	0.487	0.483	0.158	0.167	0.174	0.206	0.152	0.141	0.703	0.670	0.615	0.669	0.638	0.629	0.337	0.244	0.170	0.265	0.148	0.140
5.83	350.0	0.594	0.582	0.627	0.572	0.514	0.250	0.233	0.196	0.535	0.695	0.494	0.310	0.455	0.520	0.481	0.475	0.463	0.261	0.134	0.137	0.557	0.666	0.492	0.287	0.460	0.483	0.467	0.427	0.449	0.202	0.127	0.136	0.554	0.673	0.459	0.326	0.457	0.509	0.500	0.479	0.437	0.256	0.140	0.140	0.574	0.637	0.443	0.276	0.472	0.519	0.489	0.466	0.443	0.194	0.140	0.149	0.595	0.633	0.494	0.169	0.482	0.492	0.909	0.441	0.442	0.363	0.131	0.111	0.526	0.549	0.515	0.181	0.521	0.527	0.498	1.435	0.490	0.491	0.159	0.165	0.174	0.206	0.153	0.141	0.712	0.672	0.607	0.666	0.638	0.621	0.345	0.248	0.171	0.261	0.148	0.140
6.0	360.0	0.593	0.582	0.626	0.573	0.518	0.249	0.232	0.193	0.536	0.702	0.496	0.325	0.456	0.521	0.480	0.475	0.467	0.265	0.134	0.136	0.556	0.657	0.491	0.305	0.460	0.486	0.467	0.427	0.454	0.204	0.128	0.136	0.553	0.663	0.463	0.341	0.459	0.511	0.500	0.482	0.440	0.259	0.141	0.139	0.576	0.636	0.444	0.295	0.472	0.519	0.489	0.464	0.445	0.195	0.140	0.149	0.598	0.632	0.495	0.171	0.480	0.492	0.909	0.443	0.444	0.367	0.131	0.111	0.529	0.549	0.516	0.181	0.525	0.523	0.502	1.431	0.490	0.497	0.159	0.166	0.174	0.204	0.153	0.141	0.711	0.674	0.614	0.663	0.643	0.617	0.353	0.250	0.171	0.263	0.149	0.140
6.17	370.0	0.597	0.588	0.628	0.571	0.519	0.249	0.232	0.192	0.537	0.698	0.496	0.338	0.458	0.519	0.479	0.476	0.470	0.270	0.134	0.136	0.559	0.658	0.493	0.328	0.461	0.486	0.467	0.429	0.456	0.205	0.128	0.136	0.546	0.655	0.461	0.355	0.458	0.512	0.500	0.479	0.442	0.262	0.141	0.140	0.573	0.646	0.445	0.313	0.475	0.518	0.492	0.458	0.447	0.195	0.140	0.149	0.596	0.624	0.498	0.174	0.482	0.493	0.909	0.444	0.447	0.371	0.131	0.111	0.529	0.547	0.517	0.181	0.526	0.524	0.502	1.429	0.490	0.504	0.158	0.165	0.172	0.202	0.152	0.141	0.710	0.673	0.605	0.664	0.639	0.633	0.358	0.254	0.171	0.259	0.148	0.140
6.33	380.0	0.600	0.590	0.630	0.570	0.517	0.250	0.231	0.193	0.530	0.704	0.494	0.362	0.458	0.520	0.481	0.476	0.473	0.275	0.134	0.137	0.557	0.656	0.490	0.345	0.461	0.488	0.471	0.433	0.459	0.208	0.129	0.136	0.546	0.665	0.460	0.374	0.460	0.511	0.502	0.480	0.443	0.264	0.141	0.140	0.571	0.650	0.446	0.329	0.474	0.517	0.493	0.460	0.453	0.195	0.140	0.149	0.596	0.635	0.499	0.177	0.482	0.493	0.908	0.445	0.448	0.376	0.131	0.112	0.530	0.548	0.517	0.181	0.523	0.522	0.500	1.431	0.491	0.510	0.158	0.167	0.173	0.205	0.152	0.141	0.710	0.674	0.612	0.660	0.638	0.630	0.364	0.259	0.170	0.259	0.148	0.140
6.5	390.0	0.602	0.591	0.629	0.574	0.517	0.250	0.231	0.194	0.535	0.700	0.493	0.381	0.457	0.519	0.483	0.477	0.473	0.279	0.133	0.137	0.551	0.651	0.493	0.364	0.461	0.488	0.470	0.433	0.461	0.209	0.128	0.136	0.546	0.672	0.461	0.389	0.460	0.512	0.500	0.481	0.445	0.266	0.141	0.139	0.570	0.643	0.444	0.352	0.477	0.520	0.494	0.464	0.454	0.194	0.140	0.148	0.594	0.641	0.500	0.181	0.481	0.494	0.910	0.446	0.450	0.381	0.131	0.111	0.532	0.552	0.517	0.182	0.521	0.524	0.504	1.427	0.488	0.514	0.158	0.166	0.172	0.205	0.152	0.141	0.714	0.667	0.612	0.658	0.636	0.644	0.370	0.265	0.170	0.259	0.148	0.140
6.67	400.0	0.604	0.592	0.630	0.576	0.515	0.250	0.231	0.191	0.532	0.691	0.497	0.400	0.461	0.520	0.483	0.476	0.476	0.283	0.134	0.137	0.548	0.665	0.494	0.396	0.461	0.488	0.468	0.432	0.462	0.212	0.128	0.136	0.546	0.670	0.461	0.405	0.460	0.512	0.500	0.481	0.447	0.269	0.141	0.140	0.571	0.646	0.446	0.372	0.476	0.519	0.493	0.466	0.458	0.195	0.140	0.148	0.594	0.644	0.502	0.185	0.480	0.495	0.908	0.446	0.452	0.385	0.131	0.111	0.531	0.548	0.517	0.181	0.522	0.524	0.501	1.423	0.482	0.519	0.157	0.165	0.173	0.203	0.153	0.141	0.708	0.664	0.615	0.664	0.645	0.643	0.365	0.270	0.169	0.259	0.148	0.140
6.83	410.0	0.603	0.595	0.627	0.579	0.525	0.249	0.227	0.192	0.533	0.710	0.497	0.417	0.457	0.520	0.483	0.474	0.478	0.286	0.134	0.137	0.546	0.658	0.495	0.415	0.461	0.488	0.470	0.432	0.464	0.214	0.129	0.136	0.541	0.672	0.461	0.420	0.459	0.512	0.501	0.482	0.447	0.272	0.141	0.140	0.571	0.640	0.446	0.396	0.479	0.519	0.494	0.464	0.459	0.195	0.140	0.149	0.593	0.646	0.502	0.191	0.480	0.494	0.909	0.445	0.453	0.388	0.131	0.111	0.532	0.545	0.518	0.182	0.518	0.521	0.504	1.424	0.487	0.523	0.157	0.164	0.173	0.203	0.152	0.141	0.710	0.665	0.614	0.667	0.649	0.645	0.366	0.272	0.170	0.259	0.148	0.141
7.0	420.0	0.606	0.595	0.633	0.576	0.519	0.249	0.230	0.195	0.529	0.718	0.495	0.433	0.457	0.520	0.484	0.476	0.479	0.290	0.134	0.137	0.547	0.659	0.495	0.438	0.460	0.489	0.471	0.433	0.464	0.216	0.129	0.136	0.541	0.671	0.461	0.441	0.461	0.512	0.504	0.482	0.447	0.274	0.141	0.140	0.570	0.644	0.445	0.417	0.479	0.520	0.493	0.464	0.459	0.195	0.141	0.149	0.594	0.651	0.502	0.197	0.481	0.492	0.908	0.448	0.454	0.391	0.131	0.112	0.533	0.548	0.518	0.181	0.519	0.518	0.505	1.430	0.481	0.527	0.157	0.165	0.173	0.203	0.153	0.141	0.706	0.661	0.607	0.669	0.645	0.654	0.363	0.276	0.170	0.256	0.148	0.141
7.17	430.0	0.606	0.591	0.634	0.579	0.513	0.248	0.229	0.192	0.527	0.714	0.497	0.450	0.458	0.520	0.483	0.475	0.480	0.293	0.134	0.137	0.546	0.658	0.495	0.451	0.462	0.488	0.471	0.432	0.466	0.218	0.129	0.135	0.539	0.667	0.462	0.452	0.459	0.512	0.501	0.482	0.447	0.276	0.140	0.140	0.568	0.650	0.445	0.438	0.479	0.520	0.494	0.458	0.461	0.196	0.141	0.149	0.597	0.643	0.502	0.204	0.480	0.493	0.909	0.447	0.455	0.392	0.131	0.111	0.534	0.548	0.519	0.181	0.517	0.522	0.503	1.424	0.482	0.529	0.156	0.165	0.173	0.200	0.152	0.141	0.704	0.665	0.604	0.663	0.645	0.648	0.370	0.278	0.170	0.256	0.148	0.140
7.33	440.0	0.609	0.598	0.639	0.577	0.520	0.248	0.229	0.192	0.525	0.712	0.498	0.463	0.459	0.521	0.484	0.477	0.480	0.298	0.133	0.137	0.545	0.664	0.494	0.476	0.462	0.488	0.471	0.432	0.466	0.219	0.129	0.136	0.537	0.677	0.462	0.465	0.459	0.512	0.503	0.481	0.448	0.278	0.141	0.140	0.565	0.663	0.445	0.445	0.480	0.521	0.499	0.466	0.465	0.196	0.140	0.150	0.595	0.645	0.503	0.212	0.481	0.494	0.909	0.447	0.455	0.395	0.131	0.112	0.534	0.550	0.519	0.182	0.518	0.522	0.501	1.424	0.482	0.532	0.157	0.165	0.173	0.202	0.152	0.141	0.698	0.657	0.612	0.664	0.648	0.652	0.363	0.285	0.170	0.257	0.148	0.140
7.5	450.0	0.615	0.597	0.639	0.582	0.522	0.249	0.228	0.194	0.526	0.717	0.498	0.474	0.460	0.521	0.484	0.477	0.481	0.302	0.133	0.137	0.542	0.669	0.497	0.488	0.462	0.488	0.471	0.432	0.468	0.221	0.130	0.136	0.536	0.682	0.463	0.484	0.460	0.513	0.501	0.481	0.448	0.281	0.141	0.140	0.562	0.660	0.446	0.452	0.482	0.520	0.498	0.464	0.464	0.196	0.140	0.149	0.594	0.645	0.503	0.222	0.480	0.495	0.908	0.446	0.458	0.397	0.131	0.112	0.532	0.550	0.520	0.181	0.518	0.520	0.500	1.425	0.486	0.534	0.155	0.165	0.173	0.201	0.152	0.141	0.704	0.664	0.606	0.667	0.646	0.653	0.367	0.293	0.169	0.250	0.148	0.141
7.67	460.0	0.613	0.600	0.635	0.582	0.523	0.249	0.229	0.192	0.526	0.707	0.497	0.477	0.460	0.521	0.484	0.477	0.481	0.305	0.133	0.137	0.539	0.662	0.496	0.492	0.461	0.488	0.471	0.432	0.468	0.222	0.129	0.136	0.531	0.682	0.463	0.484	0.460	0.514	0.501	0.481	0.449	0.283	0.141	0.140	0.562	0.663	0.446	0.453	0.483	0.520	0.500	0.465	0.465	0.196	0.141	0.149	0.595	0.654	0.504	0.234	0.480	0.493	0.908	0.446	0.458	0.398	0.131	0.112	0.535	0.547	0.520	0.181	0.516	0.520	0.502	1.424	0.482	0.536	0.156	0.165	0.172	0.200	0.152	0.141	0.697	0.655	0.607	0.671	0.651	0.655	0.369	0.298	0.169	0.253	0.148	0.140
7.83	470.0	0.609	0.601	0.636	0.582	0.521	0.248	0.230	0.192	0.524	0.706	0.498	0.487	0.461	0.520	0.484	0.477	0.483	0.310	0.134	0.137	0.540	0.659	0.497	0.498	0.462	0.489	0.470	0.433	0.468	0.224	0.129	0.136	0.533	0.675	0.465	0.494	0.460	0.512	0.502	0.482	0.450	0.285	0.141	0.140	0.559	0.663	0.446	0.484	0.484	0.524	0.501	0.464	0.466	0.196	0.140	0.150	0.596	0.653	0.503	0.248	0.480	0.495	0.909	0.446	0.458	0.399	0.131	0.112	0.537	0.549	0.520	0.181	0.517	0.519	0.503	1.426	0.480	0.536	0.156	0.164	0.171	0.201	0.152	0.141	0.696	0.655	0.600	0.671	0.653	0.652	0.372	0.302	0.169	0.254	0.148	0.140
8.0	480.0	0.616	0.608	0.638	0.580	0.520	0.248	0.228	0.194	0.525	0.698	0.499	0.484	0.461	0.521	0.484	0.476	0.482	0.312	0.133	0.137	0.538	0.665	0.497	0.500	0.462	0.488	0.471	0.432	0.469	0.224	0.129	0.136	0.531	0.674	0.465	0.501	0.461	0.513	0.502	0.480	0.450	0.287	0.141	0.140	0.555	0.670	0.446	0.483	0.486	0.525	0.503	0.469	0.466	0.196	0.141	0.150	0.595	0.654	0.504	0.264	0.481	0.494	0.909	0.447	0.457	0.400	0.131	0.112	0.537	0.546	0.520	0.181	0.518	0.519	0.500	1.425	0.482	0.538	0.156	0.164	0.171	0.200	0.152	0.141	0.688	0.649	0.595	0.674	0.651	0.652	0.369	0.307	0.169	0.253	0.148	0.140
8.17	490.0	0.619	0.606	0.637	0.580	0.528	0.248	0.226	0.191	0.520	0.714	0.498	0.492	0.461	0.522	0.485	0.477	0.482	0.315	0.133	0.138	0.539	0.665	0.497	0.495	0.463	0.489	0.471	0.433	0.469	0.227	0.129	0.135	0.533	0.669	0.465	0.507	0.461	0.514	0.502	0.481	0.450	0.289	0.141	0.140	0.555	0.670	0.447	0.486	0.486	0.525	0.504	0.471	0.468	0.197	0.140	0.150	0.593	0.659	0.504	0.284	0.481	0.495	0.910	0.446	0.459	0.402	0.131	0.112	0.536	0.546	0.521	0.181	0.518	0.518	0.500	1.423	0.484	0.539	0.155	0.163	0.170	0.198	0.152	0.141	0.688	0.647	0.590	0.670	0.651	0.660	0.371	0.309	0.168	0.252	0.148	0.140
8.33	500.0	0.611	0.605	0.640	0.587	0.524	0.246	0.224	0.191	0.522	0.715	0.500	0.493	0.462	0.522	0.486	0.479	0.483	0.319	0.133	0.137	0.539	0.664	0.499	0.504	0.464	0.490	0.472	0.434	0.468	0.228	0.129	0.135	0.535	0.679	0.466	0.508	0.462	0.515	0.502	0.481	0.450	0.291	0.141	0.140	0.558	0.668	0.447	0.483	0.487	0.528	0.507	0.472	0.469	0.196	0.141	0.150	0.594	0.660	0.504	0.304	0.482	0.495	0.910	0.447	0.458	0.402	0.131	0.112	0.536	0.547	0.520	0.181	0.518	0.518	0.502	1.418	0.484	0.540	0.155	0.163	0.171	0.198	0.152	0.141	0.691	0.649	0.590	0.666	0.656	0.662	0.367	0.312	0.168	0.250	0.148	0.140
8.5	510.0	0.618	0.605	0.636	0.592	0.524	0.246	0.228	0.191	0.522	0.720	0.500	0.495	0.462	0.521	0.487	0.479	0.483	0.322	0.133	0.138	0.537	0.666	0.500	0.505	0.464	0.491	0.473	0.435	0.468	0.230	0.130	0.135	0.535	0.683	0.466	0.513	0.463	0.516	0.503	0.482	0.451	0.293	0.141	0.140	0.558	0.669	0.449	0.490	0.489	0.529	0.507	0.474	0.468	0.197	0.141	0.150	0.593	0.663	0.505	0.327	0.483	0.497	0.910	0.449	0.459	0.403	0.131	0.112	0.538	0.547	0.521	0.181	0.517	0.519	0.499	1.420	0.482	0.543	0.154	0.164	0.171	0.197	0.152	0.141	0.694	0.653	0.593	0.669	0.651	0.662	0.369	0.316	0.167	0.251	0.148	0.140
8.67	520.0	0.616	0.608	0.640	0.583	0.523	0.247	0.225	0.193	0.520	0.716	0.499	0.494	0.462	0.521	0.487	0.481	0.483	0.325	0.133	0.137	0.538	0.661	0.500	0.507	0.464	0.491	0.473	0.435	0.468	0.231	0.129	0.135	0.532	0.680	0.466	0.514	0.463	0.516	0.503	0.481	0.450	0.294	0.141	0.140	0.556	0.676	0.448	0.490	0.488	0.529	0.508	0.474	0.468	0.197	0.140	0.150	0.591	0.657	0.504	0.348	0.483	0.496	0.909	0.449	0.458	0.404	0.130	0.111	0.535	0.546	0.521	0.181	0.517	0.518	0.498	1.421	0.487	0.543	0.153	0.163	0.170	0.198	0.151	0.141	0.688	0.654	0.596	0.670	0.654	0.672	0.370	0.316	0.166	0.249	0.147	0.140
8.83	530.0	0.624	0.612	0.637	0.586	0.519	0.245	0.226	0.193	0.522	0.713	0.500	0.500	0.462	0.522	0.488	0.481	0.484	0.329	0.133	0.137	0.538	0.652	0.501	0.507	0.466	0.492	0.475	0.436	0.469	0.233	0.130	0.136	0.536	0.687	0.466	0.513	0.464	0.517	0.504	0.483	0.450	0.296	0.141	0.140	0.555	0.674	0.449	0.498	0.491	0.532	0.509	0.474	0.468	0.198	0.140	0.149	0.590	0.658	0.504	0.370	0.484	0.498	0.911	0.450	0.458	0.404	0.131	0.112	0.537	0.546	0.522	0.182	0.518	0.518	0.501	1.418	0.486	0.544	0.155	0.163	0.169	0.196	0.152	0.141	0.684	0.649	0.597	0.672	0.652	0.672	0.370	0.316	0.167	0.249	0.148	0.140
9.0	540.0	0.623	0.613	0.648	0.594	0.526	0.246	0.225	0.193	0.524	0.702	0.500	0.503	0.463	0.522	0.490	0.483	0.483	0.332	0.133	0.138	0.543	0.651	0.502	0.511	0.467	0.493	0.476	0.437	0.469	0.235	0.130	0.136	0.536	0.688	0.467	0.511	0.465	0.518	0.506	0.484	0.452	0.298	0.142	0.140	0.555	0.674	0.450	0.500	0.492	0.532	0.510	0.479	0.471	0.198	0.141	0.150	0.592	0.664	0.505	0.390	0.485	0.499	0.912	0.451	0.459	0.405	0.131	0.113	0.539	0.544	0.523	0.182	0.518	0.519	0.503	1.420	0.487	0.544	0.155	0.164	0.170	0.198	0.152	0.141	0.686	0.643	0.596	0.676	0.660	0.670	0.366	0.320	0.166	0.249	0.148	0.140
9.17	550.0	0.633	0.616	0.645	0.589	0.521	0.246	0.224	0.193	0.526	0.709	0.500	0.503	0.463	0.521	0.491	0.483	0.483	0.335	0.133	0.138	0.543	0.656	0.501	0.508	0.467	0.494	0.476	0.438	0.469	0.237	0.131	0.135	0.534	0.682	0.468	0.516	0.466	0.519	0.507	0.484	0.451	0.299	0.142	0.140	0.554	0.673	0.450	0.497	0.493	0.534	0.511	0.479	0.473	0.198	0.141	0.150	0.591	0.661	0.505	0.406	0.485	0.499	0.912	0.452	0.459	0.407	0.131	0.112	0.539	0.545	0.522	0.182	0.519	0.520	0.503	1.417	0.488	0.544	0.154	0.163	0.169	0.196	0.152	0.141	0.677	0.652	0.597	0.673	0.656	0.658	0.370	0.314	0.166	0.249	0.148	0.140
9.33	560.0	0.630	0.617	0.650	0.589	0.527	0.244	0.225	0.191	0.526	0.699	0.501	0.508	0.465	0.522	0.492	0.484	0.483	0.338	0.133	0.138	0.541	0.658	0.501	0.511	0.468	0.494	0.477	0.439	0.469	0.238	0.130	0.136	0.534	0.684	0.468	0.517	0.466	0.520	0.508	0.486	0.452	0.299	0.141	0.140	0.554	0.672	0.451	0.508	0.493	0.534	0.510	0.482	0.473	0.199	0.140	0.150	0.589	0.662	0.506	0.421	0.487	0.499	0.913	0.453	0.458	0.406	0.131	0.112	0.539	0.545	0.521	0.182	0.518	0.518	0.503	1.418	0.485	0.544	0.153	0.163	0.169	0.195	0.152	0.141	0.676	0.637	0.587	0.675	0.659	0.670	0.370	0.321	0.165	0.248	0.147	0.140
9.5	570.0	0.633	0.617	0.653	0.594	0.528	0.245	0.223	0.193	0.525	0.705	0.501	0.510	0.464	0.522	0.492	0.484	0.483	0.341	0.133	0.138	0.545	0.651	0.502	0.511	0.468	0.495	0.478	0.440	0.469	0.239	0.131	0.136	0.537	0.683	0.468	0.518	0.467	0.520	0.508	0.487	0.452	0.301	0.142	0.140	0.555	0.674	0.451	0.510	0.494	0.535	0.510	0.482	0.472	0.198	0.141	0.150	0.587	0.665	0.506	0.433	0.486	0.500	0.913	0.452	0.459	0.407	0.131	0.112	0.539	0.545	0.522	0.182	0.520	0.520	0.503	1.418	0.487	0.547	0.153	0.161	0.169	0.195	0.152	0.141	0.678	0.632	0.587	0.671	0.658	0.669	0.367	0.319	0.167	0.249	0.148	0.140
9.67	580.0	0.631	0.620	0.648	0.593	0.533	0.244	0.224	0.193	0.522	0.711	0.502	0.518	0.465	0.522	0.492	0.484	0.484	0.343	0.133	0.138	0.549	0.649	0.501	0.520	0.468	0.495	0.478	0.439	0.469	0.241	0.131	0.136	0.538	0.686	0.469	0.517	0.468	0.521	0.509	0.488	0.453	0.302	0.142	0.140	0.556	0.679	0.452	0.509	0.495	0.536	0.511	0.483	0.474	0.199	0.141	0.150	0.587	0.674	0.507	0.444	0.487	0.500	0.915	0.453	0.459	0.407	0.132	0.112	0.540	0.548	0.521	0.182	0.519	0.519	0.505	1.415	0.487	0.547	0.154	0.162	0.168	0.197	0.152	0.141	0.663	0.634	0.599	0.677	0.661	0.672	0.373	0.321	0.165	0.248	0.148	0.139
9.83	590.0	0.629	0.624	0.648	0.593	0.524	0.242	0.223	0.192	0.524	0.708	0.501	0.525	0.464	0.523	0.494	0.485	0.484	0.346	0.133	0.138	0.549	0.641	0.502	0.522	0.468	0.496	0.479	0.440	0.469	0.242	0.131	0.135	0.537	0.693	0.469	0.531	0.468	0.521	0.510	0.488	0.453	0.302	0.141	0.140	0.559	0.672	0.452	0.504	0.495	0.536	0.509	0.485	0.474	0.199	0.141	0.151	0.582	0.674	0.507	0.454	0.487	0.500	0.914	0.454	0.460	0.408	0.131	0.112	0.538	0.547	0.521	0.181	0.519	0.520	0.500	1.414	0.486	0.547	0.152	0.162	0.167	0.195	0.151	0.141	0.671	0.630	0.597	0.676	0.660	0.669	0.373	0.320	0.166	0.247	0.147	0.139
10.0	600.0	0.638	0.625	0.652	0.598	0.530	0.244	0.223	0.192	0.526	0.727	0.502	0.525	0.464	0.523	0.494	0.485	0.484	0.350	0.133	0.138	0.553	0.642	0.502	0.525	0.469	0.497	0.479	0.440	0.470	0.244	0.131	0.135	0.539	0.696	0.469	0.537	0.468	0.521	0.510	0.489	0.454	0.303	0.142	0.140	0.555	0.678	0.453	0.511	0.494	0.537	0.511	0.485	0.475	0.199	0.140	0.151	0.585	0.672	0.507	0.462	0.488	0.502	0.915	0.455	0.460	0.407	0.131	0.112	0.540	0.550	0.521	0.182	0.518	0.522	0.502	1.418	0.486	0.548	0.152	0.163	0.167	0.194	0.151	0.141	0.660	0.628	0.593	0.674	0.657	0.674	0.373	0.320	0.165	0.247	0.147	0.139
10.17	610.0	0.638	0.627	0.655	0.598	0.532	0.242	0.224	0.192	0.520	0.727	0.503	0.526	0.464	0.524	0.493	0.486	0.485	0.353	0.133	0.138	0.555	0.634	0.502	0.532	0.469	0.497	0.480	0.441	0.471	0.246	0.131	0.135	0.541	0.691	0.470	0.539	0.469	0.521	0.511	0.490	0.455	0.304	0.142	0.140	0.558	0.682	0.454	0.514	0.494	0.537	0.511	0.488	0.478	0.200	0.140	0.151	0.584	0.669	0.508	0.468	0.489	0.502	0.915	0.456	0.461	0.408	0.132	0.112	0.541	0.550	0.521	0.182	0.519	0.520	0.503	1.414	0.487	0.549	0.153	0.162	0.167	0.195	0.152	0.141	0.652	0.626	0.585	0.667	0.657	0.677	0.375	0.319	0.166	0.247	0.147	0.139
10.33	620.0	0.637	0.627	0.655	0.597	0.532	0.242	0.222	0.192	0.525	0.732	0.503	0.532	0.464	0.523	0.493	0.486	0.485	0.355	0.133	0.138	0.555	0.643	0.501	0.531	0.469	0.497	0.479	0.441	0.471	0.247	0.131	0.135	0.545	0.695	0.470	0.545	0.468	0.520	0.511	0.490	0.454	0.304	0.141	0.140	0.558	0.672	0.453	0.525	0.493	0.538	0.510	0.489	0.478	0.200	0.140	0.150	0.581	0.670	0.508	0.471	0.488	0.502	0.915	0.456	0.461	0.408	0.131	0.112	0.541	0.548	0.521	0.182	0.518	0.521	0.503	1.412	0.487	0.549	0.153	0.161	0.166	0.195	0.151	0.141	0.661	0.616	0.591	0.672	0.660	0.675	0.376	0.322	0.164	0.246	0.147	0.139
10.5	630.0	0.639	0.618	0.660	0.603	0.534	0.243	0.223	0.192	0.527	0.733	0.502	0.535	0.464	0.523	0.494	0.486	0.486	0.358	0.133	0.138	0.559	0.645	0.502	0.536	0.470	0.497	0.480	0.442	0.471	0.249	0.131	0.135	0.548	0.697	0.470	0.546	0.469	0.520	0.512	0.491	0.455	0.304	0.142	0.140	0.563	0.668	0.454	0.522	0.493	0.537	0.510	0.489	0.481	0.201	0.140	0.151	0.582	0.675	0.509	0.474	0.489	0.502	0.916	0.457	0.462	0.409	0.132	0.113	0.541	0.551	0.522	0.182	0.518	0.521	0.502	1.412	0.487	0.549	0.153	0.161	0.167	0.194	0.151	0.141	0.665	0.627	0.592	0.674	0.660	0.674	0.376	0.323	0.165	0.245	0.148	0.139
10.67	640.0	0.646	0.627	0.664	0.601	0.530	0.242	0.223	0.192	0.530	0.731	0.503	0.537	0.464	0.524	0.494	0.486	0.486	0.360	0.132	0.138	0.561	0.648	0.502	0.541	0.469	0.497	0.481	0.442	0.472	0.250	0.132	0.135	0.552	0.705	0.470	0.553	0.469	0.521	0.511	0.492	0.455	0.305	0.141	0.140	0.564	0.659	0.454	0.534	0.493	0.537	0.511	0.491	0.482	0.201	0.141	0.151	0.581	0.670	0.509	0.477	0.489	0.502	0.916	0.457	0.463	0.409	0.132	0.112	0.541	0.550	0.521	0.182	0.518	0.522	0.504	1.411	0.487	0.550	0.152	0.162	0.166	0.194	0.151	0.141	0.658	0.619	0.601	0.674	0.663	0.676	0.376	0.323	0.165	0.244	0.148	0.139
10.83	650.0	0.646	0.631	0.663	0.602	0.534	0.240	0.222	0.192	0.531	0.725	0.502	0.540	0.464	0.524	0.494	0.485	0.486	0.361	0.133	0.138	0.563	0.646	0.501	0.543	0.469	0.497	0.480	0.442	0.472	0.251	0.131	0.135	0.560	0.695	0.470	0.558	0.469	0.519	0.512	0.491	0.456	0.305	0.142	0.140	0.566	0.659	0.455	0.536	0.493	0.536	0.512	0.492	0.482	0.201	0.141	0.151	0.580	0.669	0.509	0.479	0.489	0.503	0.914	0.458	0.462	0.409	0.132	0.112	0.542	0.553	0.522	0.182	0.517	0.522	0.505	1.414	0.486	0.550	0.153	0.161	0.166	0.194	0.150	0.141	0.660	0.621	0.599	0.680	0.660	0.685	0.379	0.324	0.164	0.242	0.147	0.139
11.0	660.0	0.654	0.632	0.669	0.606	0.537	0.240	0.222	0.193	0.537	0.726	0.503	0.544	0.463	0.524	0.492	0.485	0.487	0.363	0.132	0.138	0.567	0.643	0.500	0.556	0.469	0.498	0.481	0.443	0.472	0.252	0.132	0.135	0.560	0.698	0.469	0.566	0.469	0.519	0.510	0.492	0.456	0.305	0.141	0.140	0.567	0.665	0.455	0.538	0.493	0.538	0.511	0.492	0.484	0.202	0.140	0.151	0.577	0.667	0.509	0.479	0.489	0.503	0.914	0.459	0.463	0.410	0.131	0.112	0.542	0.556	0.522	0.183	0.517	0.522	0.502	1.416	0.485	0.551	0.152	0.161	0.166	0.193	0.150	0.141	0.666	0.627	0.601	0.679	0.664	0.679	0.380	0.323	0.163	0.243	0.147	0.139
11.17	670.0	0.651	0.637	0.671	0.606	0.536	0.241	0.219	0.191	0.540	0.713	0.503	0.546	0.463	0.524	0.493	0.484	0.486	0.365	0.132	0.138	0.568	0.642	0.500	0.555	0.469	0.497	0.480	0.442	0.473	0.253	0.131	0.135	0.562	0.691	0.470	0.566	0.468	0.517	0.511	0.493	0.456	0.305	0.142	0.139	0.569	0.656	0.455	0.543	0.493	0.536	0.511	0.492	0.485	0.201	0.139	0.151	0.576	0.669	0.508	0.482	0.488	0.503	0.915	0.458	0.463	0.410	0.131	0.112	0.544	0.554	0.521	0.182	0.516	0.522	0.502	1.414	0.485	0.550	0.152	0.161	0.165	0.194	0.150	0.141	0.656	0.624	0.606	0.676	0.658	0.682	0.380	0.323	0.164	0.242	0.146	0.138
11.33	680.0	0.653	0.640	0.673	0.608	0.533	0.240	0.221	0.191	0.540	0.726	0.503	0.549	0.463	0.524	0.494	0.484	0.487	0.366	0.132	0.138	0.571	0.650	0.500	0.569	0.469	0.497	0.480	0.443	0.474	0.254	0.131	0.134	0.562	0.694	0.470	0.569	0.468	0.517	0.510	0.493	0.456	0.306	0.141	0.140	0.570	0.669	0.454	0.545	0.494	0.537	0.511	0.493	0.485	0.201	0.139	0.151	0.577	0.673	0.509	0.485	0.488	0.502	0.914	0.458	0.463	0.410	0.131	0.112	0.544	0.555	0.521	0.182	0.516	0.520	0.502	1.410	0.484	0.550	0.151	0.160	0.165	0.194	0.150	0.141	0.658	0.633	0.605	0.678	0.663	0.681	0.382	0.325	0.163	0.242	0.147	0.138
11.5	690.0	0.649	0.639	0.669	0.609	0.536	0.239	0.220	0.191	0.541	0.728	0.503	0.555	0.464	0.525	0.493	0.484	0.487	0.369	0.133	0.139	0.579	0.639	0.500	0.572	0.469	0.497	0.480	0.444	0.474	0.256	0.132	0.135	0.565	0.711	0.470	0.574	0.468	0.517	0.510	0.493	0.457	0.306	0.142	0.140	0.575	0.692	0.455	0.556	0.495	0.537	0.512	0.496	0.486	0.202	0.140	0.151	0.576	0.678	0.510	0.489	0.488	0.502	0.914	0.460	0.464	0.410	0.132	0.113	0.545	0.556	0.521	0.182	0.516	0.521	0.503	1.414	0.486	0.552	0.150	0.160	0.165	0.192	0.150	0.141	0.652	0.626	0.609	0.674	0.657	0.682	0.386	0.320	0.164	0.241	0.147	0.139
11.67	700.0	0.649	0.643	0.672	0.602	0.534	0.240	0.219	0.192	0.542	0.754	0.502	0.560	0.463	0.525	0.494	0.484	0.488	0.370	0.132	0.138	0.582	0.648	0.499	0.578	0.470	0.497	0.480	0.444	0.474	0.257	0.132	0.135	0.571	0.702	0.470	0.575	0.468	0.517	0.509	0.492	0.457	0.306	0.142	0.140	0.576	0.686	0.455	0.562	0.497	0.536	0.511	0.495	0.486	0.203	0.140	0.151	0.576	0.684	0.510	0.490	0.488	0.502	0.913	0.459	0.465	0.410	0.132	0.112	0.545	0.555	0.522	0.182	0.514	0.520	0.503	1.412	0.486	0.551	0.151	0.159	0.165	0.193	0.150	0.141	0.658	0.622	0.619	0.659	0.651	0.686	0.384	0.320	0.163	0.241	0.147	0.139
11.83	710.0	0.654	0.649	0.673	0.607	0.538	0.239	0.220	0.192	0.545	0.751	0.502	0.572	0.463	0.526	0.493	0.484	0.488	0.370	0.132	0.139	0.585	0.632	0.499	0.586	0.469	0.496	0.479	0.443	0.474	0.257	0.131	0.135	0.578	0.711	0.470	0.586	0.467	0.515	0.509	0.492	0.457	0.307	0.142	0.140	0.583	0.693	0.454	0.568	0.496	0.536	0.512	0.495	0.486	0.203	0.140	0.151	0.574	0.678	0.509	0.491	0.488	0.502	0.914	0.460	0.465	0.410	0.132	0.112	0.546	0.559	0.522	0.183	0.515	0.518	0.501	1.411	0.484	0.553	0.150	0.160	0.164	0.193	0.150	0.141	0.650	0.620	0.613	0.669	0.661	0.680	0.384	0.321	0.162	0.241	0.147	0.138
12.0	720.0	0.656	0.647	0.676	0.610	0.539	0.239	0.220	0.192	0.547	0.756	0.502	0.576	0.462	0.526	0.493	0.483	0.488	0.371	0.132	0.138	0.593	0.657	0.499	0.589	0.468	0.495	0.480	0.443	0.474	0.259	0.131	0.135	0.583	0.727	0.470	0.583	0.467	0.515	0.508	0.492	0.457	0.306	0.142	0.140	0.587	0.698	0.455	0.575	0.497	0.536	0.512	0.496	0.488	0.203	0.140	0.151	0.573	0.677	0.509	0.494	0.488	0.501	0.913	0.460	0.465	0.411	0.132	0.112	0.546	0.560	0.522	0.183	0.512	0.518	0.502	1.409	0.484	0.552	0.149	0.159	0.163	0.191	0.150	0.140	0.645	0.627	0.616	0.666	0.661	0.684	0.384	0.322	0.162	0.241	0.146	0.138
12.17	730.0	0.657	0.652	0.679	0.609	0.541	0.239	0.220	0.192	0.551	0.749	0.503	0.581	0.462	0.526	0.493	0.483	0.488	0.374	0.132	0.139	0.594	0.651	0.498	0.608	0.469	0.496	0.480	0.443	0.475	0.259	0.132	0.135	0.584	0.747	0.471	0.590	0.466	0.514	0.508	0.493	0.458	0.307	0.142	0.140	0.591	0.696	0.455	0.585	0.500	0.536	0.513	0.494	0.489	0.203	0.141	0.152	0.573	0.667	0.509	0.496	0.487	0.501	0.915	0.461	0.466	0.410	0.132	0.113	0.546	0.560	0.522	0.183	0.512	0.517	0.500	1.410	0.486	0.554	0.148	0.159	0.164	0.193	0.150	0.141	0.657	0.625	0.618	0.670	0.660	0.685	0.387	0.324	0.163	0.240	0.146	0.138
12.33	740.0	0.658	0.653	0.677	0.610	0.537	0.238	0.219	0.191	0.552	0.757	0.503	0.586	0.462	0.526	0.493	0.482	0.487	0.374	0.132	0.138	0.602	0.654	0.498	0.608	0.468	0.495	0.479	0.443	0.474	0.260	0.132	0.135	0.586	0.743	0.470	0.610	0.466	0.514	0.507	0.492	0.457	0.307	0.142	0.140	0.596	0.692	0.454	0.591	0.499	0.537	0.515	0.495	0.489	0.203	0.140	0.152	0.573	0.667	0.510	0.499	0.487	0.501	0.915	0.459	0.465	0.410	0.131	0.112	0.545	0.560	0.522	0.183	0.510	0.517	0.500	1.406	0.485	0.555	0.150	0.159	0.163	0.192	0.150	0.140	0.649	0.622	0.621	0.673	0.659	0.694	0.390	0.324	0.162	0.239	0.146	0.138
12.5	750.0	0.655	0.658	0.675	0.615	0.543	0.238	0.219	0.191	0.559	0.752	0.503	0.603	0.462	0.527	0.493	0.482	0.488	0.375	0.132	0.139	0.605	0.645	0.498	0.605	0.468	0.495	0.480	0.444	0.475	0.261	0.132	0.135	0.595	0.738	0.469	0.609	0.467	0.514	0.507	0.492	0.459	0.308	0.143	0.140	0.605	0.690	0.455	0.598	0.503	0.537	0.515	0.497	0.489	0.205	0.140	0.152	0.572	0.662	0.511	0.501	0.486	0.501	0.914	0.460	0.466	0.411	0.132	0.112	0.545	0.562	0.523	0.183	0.509	0.517	0.500	1.408	0.485	0.556	0.150	0.158	0.163	0.192	0.150	0.141	0.641	0.621	0.619	0.672	0.663	0.690	0.392	0.323	0.161	0.240	0.146	0.138
12.67	760.0	0.654	0.656	0.680	0.621	0.543	0.239	0.219	0.190	0.562	0.755	0.503	0.614	0.462	0.527	0.494	0.482	0.488	0.376	0.132	0.138	0.608	0.645	0.498	0.607	0.468	0.495	0.480	0.444	0.475	0.262	0.132	0.136	0.599	0.730	0.470	0.612	0.467	0.514	0.508	0.492	0.458	0.308	0.142	0.140	0.614	0.686	0.455	0.603	0.503	0.538	0.517	0.496	0.490	0.204	0.140	0.152	0.574	0.662	0.511	0.500	0.486	0.501	0.915	0.460	0.466	0.412	0.132	0.113	0.547	0.564	0.523	0.183	0.508	0.515	0.501	1.407	0.485	0.556	0.149	0.159	0.162	0.192	0.150	0.140	0.648	0.612	0.624	0.677	0.662	0.696	0.393	0.326	0.162	0.240	0.146	0.138
12.83	770.0	0.659	0.663	0.681	0.620	0.544	0.238	0.218	0.190	0.567	0.739	0.503	0.621	0.462	0.527	0.492	0.482	0.487	0.377	0.132	0.139	0.610	0.645	0.498	0.607	0.468	0.495	0.480	0.443	0.475	0.262	0.132	0.135	0.604	0.730	0.469	0.631	0.466	0.513	0.507	0.492	0.458	0.308	0.142	0.140	0.615	0.677	0.454	0.607	0.504	0.538	0.516	0.497	0.490	0.204	0.140	0.152	0.572	0.662	0.510	0.504	0.485	0.500	0.912	0.460	0.466	0.411	0.132	0.112	0.547	0.567	0.522	0.183	0.507	0.517	0.500	1.406	0.485	0.557	0.149	0.158	0.163	0.191	0.149	0.140	0.652	0.620	0.623	0.676	0.662	0.700	0.395	0.328	0.162	0.239	0.146	0.137
13.0	780.0	0.658	0.661	0.683	0.616	0.543	0.237	0.218	0.188	0.568	0.751	0.502	0.631	0.461	0.528	0.493	0.483	0.488	0.377	0.132	0.139	0.612	0.662	0.497	0.607	0.468	0.494	0.480	0.444	0.476	0.262	0.132	0.135	0.607	0.738	0.469	0.624	0.466	0.513	0.506	0.492	0.457	0.308	0.142	0.140	0.615	0.686	0.455	0.619	0.504	0.537	0.516	0.500	0.489	0.205	0.140	0.152	0.573	0.671	0.511	0.505	0.485	0.500	0.912	0.460	0.466	0.412	0.132	0.112	0.546	0.566	0.522	0.183	0.507	0.516	0.498	1.409	0.484	0.557	0.150	0.158	0.162	0.191	0.150	0.140	0.648	0.616	0.625	0.673	0.666	0.696	0.394	0.329	0.161	0.238	0.146	0.137
13.17	790.0	0.660	0.662	0.686	0.626	0.547	0.238	0.218	0.188	0.570	0.763	0.502	0.637	0.461	0.527	0.493	0.482	0.488	0.377	0.132	0.138	0.613	0.659	0.497	0.620	0.468	0.494	0.479	0.444	0.475	0.263	0.132	0.135	0.615	0.731	0.469	0.631	0.466	0.513	0.507	0.491	0.458	0.309	0.142	0.140	0.613	0.685	0.455	0.628	0.504	0.540	0.518	0.499	0.491	0.205	0.140	0.152	0.573	0.668	0.510	0.508	0.485	0.500	0.911	0.461	0.467	0.412	0.131	0.113	0.548	0.570	0.523	0.183	0.506	0.516	0.500	1.409	0.483	0.557	0.149	0.158	0.162	0.189	0.149	0.140	0.649	0.623	0.623	0.679	0.662	0.699	0.397	0.327	0.161	0.238	0.146	0.137
13.33	800.0	0.666	0.660	0.682	0.627	0.543	0.238	0.217	0.188	0.570	0.767	0.502	0.644	0.461	0.528	0.493	0.482	0.488	0.379	0.132	0.138	0.616	0.655	0.496	0.632	0.468	0.494	0.479	0.444	0.475	0.263	0.132	0.135	0.613	0.739	0.468	0.641	0.466	0.513	0.506	0.491	0.458	0.309	0.142	0.140	0.613	0.690	0.455	0.640	0.503	0.539	0.517	0.501	0.491	0.206	0.139	0.152	0.573	0.671	0.511	0.511	0.485	0.500	0.912	0.460	0.467	0.413	0.132	0.113	0.548	0.566	0.523	0.183	0.504	0.515	0.500	1.407	0.484	0.558	0.149	0.158	0.162	0.190	0.149	0.140	0.641	0.622	0.624	0.673	0.666	0.692	0.396	0.327	0.161	0.238	0.146	0.137
13.5	810.0	0.664	0.665	0.681	0.627	0.545	0.237	0.218	0.188	0.568	0.774	0.502	0.663	0.461	0.527	0.493	0.482	0.488	0.379	0.132	0.139	0.619	0.673	0.497	0.632	0.468	0.495	0.479	0.445	0.475	0.264	0.132	0.135	0.614	0.748	0.469	0.644	0.466	0.512	0.505	0.491	0.458	0.309	0.142	0.140	0.619	0.691	0.455	0.641	0.505	0.542	0.518	0.501	0.490	0.206	0.140	0.152	0.573	0.689	0.510	0.513	0.485	0.500	0.911	0.460	0.467	0.413	0.132	0.113	0.548	0.569	0.523	0.184	0.503	0.514	0.500	1.411	0.483	0.557	0.149	0.158	0.162	0.190	0.149	0.140	0.651	0.623	0.622	0.671	0.660	0.699	0.398	0.329	0.161	0.237	0.146	0.138
13.67	820.0	0.664	0.674	0.687	0.627	0.545	0.237	0.217	0.188	0.568	0.773	0.501	0.659	0.461	0.528	0.493	0.482	0.488	0.378	0.132	0.139	0.629	0.684	0.496	0.634	0.468	0.494	0.479	0.444	0.475	0.264	0.132	0.135	0.613	0.766	0.468	0.655	0.466	0.512	0.504	0.490	0.458	0.309	0.142	0.140	0.625	0.689	0.454	0.646	0.506	0.541	0.520	0.503	0.490	0.206	0.139	0.153	0.573	0.686	0.511	0.515	0.485	0.500	0.911	0.459	0.467	0.413	0.132	0.112	0.549	0.571	0.524	0.184	0.501	0.513	0.498	1.407	0.484	0.559	0.148	0.157	0.161	0.190	0.149	0.140	0.653	0.621	0.626	0.674	0.659	0.699	0.398	0.333	0.161	0.238	0.146	0.137
13.83	830.0	0.670	0.667	0.690	0.632	0.549	0.237	0.217	0.187	0.571	0.794	0.501	0.670	0.461	0.528	0.494	0.482	0.488	0.379	0.132	0.139	0.628	0.676	0.496	0.637	0.468	0.494	0.480	0.445	0.476	0.265	0.132	0.135	0.614	0.767	0.468	0.662	0.465	0.512	0.505	0.491	0.458	0.309	0.142	0.140	0.626	0.687	0.454	0.652	0.508	0.541	0.520	0.503	0.491	0.206	0.140	0.152	0.572	0.689	0.511	0.519	0.484	0.500	0.910	0.460	0.467	0.413	0.131	0.113	0.550	0.575	0.523	0.184	0.501	0.513	0.499	1.408	0.483	0.559	0.148	0.157	0.161	0.190	0.149	0.140	0.639	0.626	0.630	0.664	0.660	0.695	0.400	0.332	0.160	0.236	0.145	0.137
14.0	840.0	0.665	0.669	0.690	0.632	0.548	0.236	0.217	0.187	0.575	0.800	0.500	0.665	0.460	0.528	0.494	0.481	0.488	0.379	0.132	0.138	0.628	0.677	0.496	0.647	0.467	0.494	0.478	0.444	0.476	0.265	0.132	0.135	0.617	0.774	0.469	0.655	0.465	0.512	0.504	0.491	0.457	0.309	0.142	0.140	0.624	0.692	0.454	0.650	0.507	0.542	0.522	0.506	0.491	0.206	0.139	0.152	0.572	0.703	0.510	0.521	0.484	0.499	0.910	0.460	0.466	0.413	0.131	0.113	0.549	0.578	0.523	0.184	0.500	0.511	0.498	1.407	0.483	0.560	0.148	0.157	0.160	0.189	0.149	0.140	0.654	0.625	0.631	0.671	0.660	0.695	0.402	0.330	0.160	0.236	0.145	0.137
14.17	850.0	0.670	0.668	0.693	0.626	0.551	0.236	0.215	0.187	0.581	0.800	0.500	0.675	0.460	0.530	0.495	0.482	0.487	0.380	0.132	0.138	0.627	0.685	0.496	0.648	0.468	0.495	0.479	0.444	0.477	0.265	0.132	0.135	0.619	0.763	0.469	0.665	0.465	0.513	0.504	0.491	0.458	0.309	0.142	0.140	0.629	0.701	0.454	0.650	0.508	0.543	0.522	0.506	0.490	0.206	0.140	0.152	0.573	0.692	0.511	0.523	0.483	0.499	0.912	0.461	0.467	0.413	0.131	0.113	0.549	0.580	0.523	0.184	0.500	0.513	0.499	1.407	0.483	0.560	0.147	0.157	0.161	0.189	0.149	0.140	0.649	0.629	0.629	0.672	0.661	0.694	0.402	0.333	0.160	0.236	0.145	0.137
14.33	860.0	0.669	0.671	0.688	0.637	0.547	0.237	0.215	0.186	0.581	0.801	0.500	0.674	0.460	0.529	0.494	0.482	0.487	0.380	0.132	0.138	0.626	0.682	0.496	0.655	0.467	0.494	0.479	0.444	0.476	0.265	0.132	0.134	0.625	0.759	0.469	0.668	0.464	0.512	0.503	0.491	0.457	0.309	0.141	0.140	0.637	0.699	0.454	0.647	0.509	0.544	0.523	0.506	0.490	0.206	0.140	0.151	0.573	0.694	0.511	0.525	0.482	0.499	0.910	0.461	0.466	0.414	0.131	0.113	0.550	0.577	0.523	0.184	0.499	0.510	0.498	1.406	0.483	0.559	0.147	0.156	0.160	0.189	0.149	0.140	0.645	0.627	0.615	0.672	0.662	0.696	0.398	0.333	0.159	0.234	0.145	0.137
14.5	870.0	0.670	0.679	0.688	0.637	0.549	0.237	0.216	0.186	0.590	0.813	0.500	0.677	0.459	0.528	0.495	0.482	0.487	0.380	0.132	0.139	0.623	0.700	0.495	0.653	0.468	0.495	0.479	0.444	0.476	0.266	0.132	0.134	0.627	0.774	0.469	0.668	0.464	0.511	0.504	0.492	0.458	0.309	0.141	0.139	0.643	0.690	0.454	0.648	0.508	0.545	0.524	0.506	0.490	0.205	0.139	0.152	0.574	0.697	0.512	0.525	0.483	0.499	0.911	0.460	0.466	0.414	0.131	0.112	0.549	0.581	0.524	0.184	0.500	0.510	0.498	1.402	0.483	0.560	0.148	0.156	0.160	0.188	0.148	0.140	0.659	0.630	0.621	0.668	0.661	0.698	0.400	0.335	0.159	0.235	0.145	0.137
14.67	880.0	0.672	0.680	0.684	0.635	0.548	0.237	0.215	0.187	0.591	0.828	0.501	0.689	0.459	0.529	0.496	0.482	0.487	0.380	0.132	0.139	0.624	0.699	0.495	0.657	0.468	0.495	0.480	0.445	0.476	0.266	0.132	0.135	0.630	0.784	0.469	0.684	0.464	0.512	0.503	0.491	0.457	0.309	0.142	0.140	0.652	0.685	0.455	0.655	0.510	0.546	0.523	0.507	0.490	0.207	0.139	0.152	0.573	0.692	0.511	0.527	0.482	0.500	0.912	0.462	0.466	0.415	0.131	0.113	0.551	0.583	0.524	0.184	0.499	0.511	0.499	1.404	0.483	0.561	0.147	0.155	0.160	0.187	0.149	0.140	0.657	0.629	0.608	0.668	0.668	0.698	0.401	0.336	0.159	0.235	0.145	0.136
14.83	890.0	0.671	0.681	0.690	0.640	0.550	0.235	0.214	0.187	0.592	0.819	0.500	0.708	0.459	0.529	0.496	0.484	0.486	0.380	0.131	0.138	0.625	0.692	0.495	0.660	0.468	0.495	0.480	0.445	0.476	0.266	0.132	0.134	0.627	0.767	0.469	0.684	0.464	0.512	0.503	0.491	0.457	0.310	0.141	0.139	0.652	0.692	0.455	0.656	0.512	0.547	0.524	0.507	0.490	0.206	0.139	0.151	0.573	0.692	0.512	0.529	0.483	0.499	0.911	0.461	0.466	0.414	0.131	0.113	0.551	0.584	0.524	0.184	0.498	0.510	0.499	1.402	0.482	0.561	0.147	0.155	0.160	0.188	0.148	0.140	0.656	0.624	0.613	0.683	0.667	0.698	0.405	0.337	0.159	0.234	0.145	0.136
15.0	900.0	0.667	0.675	0.685	0.639	0.549	0.236	0.215	0.187	0.591	0.816	0.499	0.703	0.459	0.530	0.498	0.484	0.487	0.381	0.132	0.138	0.630	0.669	0.495	0.660	0.468	0.496	0.481	0.446	0.476	0.267	0.133	0.134	0.630	0.769	0.469	0.683	0.465	0.512	0.503	0.492	0.457	0.310	0.142	0.140	0.658	0.694	0.455	0.663	0.516	0.548	0.527	0.509	0.491	0.207	0.139	0.152	0.574	0.691	0.512	0.533	0.482	0.500	0.913	0.462	0.467	0.414	0.132	0.113	0.553	0.588	0.525	0.184	0.497	0.512	0.500	1.403	0.483	0.562	0.147	0.155	0.160	0.187	0.148	0.140	0.652	0.630	0.624	0.680	0.663	0.694	0.402	0.337	0.158	0.234	0.145	0.137
15.17	910.0	0.667	0.683	0.693	0.641	0.550	0.236	0.215	0.186	0.593	0.828	0.500	0.701	0.458	0.530	0.497	0.485	0.487	0.381	0.132	0.139	0.639	0.660	0.495	0.666	0.469	0.495	0.481	0.446	0.476	0.267	0.133	0.134	0.628	0.769	0.469	0.694	0.465	0.513	0.503	0.492	0.457	0.310	0.141	0.140	0.662	0.690	0.455	0.663	0.515	0.546	0.526	0.511	0.490	0.207	0.139	0.152	0.575	0.690	0.512	0.539	0.482	0.500	0.915	0.462	0.467	0.414	0.131	0.113	0.553	0.589	0.525	0.184	0.499	0.513	0.502	1.401	0.483	0.562	0.147	0.155	0.160	0.187	0.149	0.140	0.643	0.628	0.624	0.680	0.664	0.701	0.402	0.340	0.158	0.234	0.145	0.136
15.33	920.0	0.670	0.681	0.688	0.645	0.552	0.236	0.215	0.188	0.594	0.826	0.498	0.700	0.458	0.529	0.498	0.484	0.486	0.382	0.131	0.138	0.636	0.668	0.494	0.659	0.469	0.496	0.481	0.446	0.476	0.267	0.133	0.134	0.629	0.764	0.468	0.692	0.465	0.512	0.503	0.493	0.457	0.310	0.141	0.139	0.664	0.695	0.456	0.665	0.517	0.547	0.528	0.512	0.490	0.206	0.138	0.152	0.575	0.691	0.511	0.543	0.481	0.499	0.913	0.463	0.466	0.414	0.131	0.113	0.553	0.590	0.525	0.185	0.498	0.513	0.500	1.399	0.483	0.562	0.147	0.155	0.159	0.187	0.148	0.139	0.644	0.632	0.615	0.680	0.666	0.696	0.405	0.341	0.158	0.233	0.145	0.136
15.5	930.0	0.668	0.681	0.690	0.642	0.554	0.236	0.214	0.187	0.593	0.822	0.498	0.694	0.459	0.530	0.498	0.486	0.486	0.382	0.131	0.138	0.641	0.669	0.494	0.667	0.470	0.495	0.482	0.446	0.476	0.267	0.133	0.134	0.626	0.768	0.469	0.686	0.465	0.514	0.504	0.493	0.457	0.310	0.141	0.139	0.666	0.689	0.456	0.690	0.522	0.546	0.527	0.512	0.491	0.208	0.139	0.151	0.575	0.705	0.512	0.549	0.482	0.499	0.913	0.464	0.466	0.414	0.131	0.113	0.554	0.592	0.525	0.185	0.502	0.513	0.500	1.398	0.484	0.563	0.147	0.155	0.159	0.187	0.148	0.139	0.652	0.630	0.629	0.678	0.667	0.699	0.405	0.342	0.158	0.233	0.145	0.136
15.67	940.0	0.672	0.686	0.689	0.646	0.553	0.235	0.213	0.187	0.594	0.827	0.498	0.708	0.458	0.530	0.500	0.486	0.486	0.382	0.131	0.138	0.642	0.676	0.494	0.684	0.469	0.495	0.482	0.446	0.475	0.268	0.132	0.134	0.626	0.767	0.469	0.700	0.464	0.514	0.504	0.493	0.457	0.310	0.141	0.139	0.657	0.687	0.456	0.685	0.520	0.545	0.528	0.514	0.492	0.207	0.138	0.151	0.575	0.708	0.511	0.551	0.481	0.499	0.913	0.464	0.466	0.415	0.131	0.112	0.554	0.595	0.525	0.184	0.502	0.515	0.502	1.400	0.483	0.562	0.146	0.154	0.159	0.186	0.148	0.139	0.647	0.624	0.642	0.684	0.665	0.702	0.405	0.343	0.158	0.233	0.144	0.136
