Host	Phage	Timepoint (Hr)	MOI 0.1	MOI 0.1	MOI 0.1	Mean (MOI 0.1)	MOI 0.01	MOI 0.01	MOI 0.01	Mean (MOI 0.01)	MOI 0.001	MOI 0.001	MOI 0.001	Mean (MOI 0.001)	Positive control	Positive control	Positive control	Mean	Negative control (Only BHI)	Negative control (Only BHI)	Negative control (Only BHI)	Mean
YI6	Yi6-1_Bop	72	0.1056	0.1014	0.102	0.103	0.1053	0.1025	0.1036	0.1038	0.1078	0.1097	0.2515	0.156333333	0.8335	0.8431	0.8406	0.839066667	0.1008	0.1026	0.0993	0.1009
YI6	Yi6-1_Car	72	0.1744	0.1636	0.17	0.169333333	0.1701	0.1769	0.17	0.172333333	0.2635	0.2721	0.2828	0.2728	0.671	0.7012	0.721	0.697733333	0.1012	0.111	0.1135	0.108566667
YI6	Yi6-1_CCS1	72	0.276	0.372	0.409	0.352333333	0.281	0.447	0.346	0.358	0.3	0.48	0.339	0.373	0.8335	0.8431	0.8406	0.839066667	0.1008	0.1026	0.0993	0.1009
YI6	Yi6-1_CCS3	72	0.1044	0.1057	0.1065	0.105533333	0.1054	0.1059	0.1052	0.1055	0.1068	0.1075	0.1183	0.110866667	0.8335	0.8431	0.8406	0.839066667	0.1008	0.1026	0.0993	0.1009
YI6	Yi6-1_Ump	72	0.122	0.123	0.129	0.124666667	0.127	0.126	0.136	0.129666667	0.14	0.303	0.165	0.202666667	0.671	0.7012	0.721	0.697733333	0.1012	0.111	0.1135	0.108566667
YI6	Yi6-1_Carl	72	0.341	0.346	0.35	0.345666667	0.363	0.34	0.352	0.351666667	0.379	0.334	0.36	0.357666667	0.671	0.7012	0.721	0.697733333	0.1012	0.111	0.1135	0.108566667
YI6	Yi6-1_Bill	72	0.32	0.203	0.128	0.217	0.279	0.378	0.404	0.353666667	0.329	0.349	0.346	0.341333333	0.671	0.7012	0.721	0.697733333	0.1012	0.111	0.1135	0.108566667
YI6	Yi6-1_Ben	72	0.132	0.196	0.154	0.160666667	0.11	0.173	0.183	0.155333333	0.193	0.173	0.232	0.199333333	0.8335	0.8431	0.8406	0.839066667	0.1008	0.1026	0.0993	0.1009
YI6	Yi6-1_Cocktail 1 (Bill+CCS3)	72	0.464	0.453	0.134	0.350333333	0.317	0.393	0.147	0.285666667	0.203	0.347	0.185	0.245	0.692	0.7012	0.6941	0.695766667	0.1101	0.1248	0.1178	0.117566667
YI6	Yi6-1_Cocktail 2 (Bop+CCS3)	72	0.1067	0.1095	0.1094	0.108533333	0.1082	0.1096	0.1096	0.109133333	0.1103	0.1109	0.1116	0.110933333	0.9215	0.988	0.8633	0.924266667	0.1039	0.1056	0.1068	0.105433333
YI6	Yi6-1_Cocktail 3 (Carl+SDS2)	72	0.105	0.1084	0.108	0.107133333	0.108	0.1063	0.1042	0.106166667	0.1109	0.1073	0.1156	0.111266667	0.9215	0.988	0.8633	0.924266667	0.1039	0.1056	0.1068	0.105433333
YI6	Yi6-1_Cocktail 4 (Carl+Ump)	72	0.141	0.142	0.135	0.139333333	0.139	0.143	0.139	0.140333333	0.15	0.153	0.16	0.154333333	0.9215	0.988	0.8633	0.924266667	0.1039	0.1056	0.1068	0.105433333
YI6	Yi6-1_Cocktail 5 (SDS1+SDS2)	72	0.1306	0.1005	0.0985	0.109866667	0.1002	0.0999	0.3203	0.173466667	0.3843	0.1033	0.2843	0.1938	0.8116	0.7541	0.7265	0.764066667	0.0992	0.1007	0.1	0.099966667
YI6	Yi6-1_Cocktail 6 (Ben+CCS1)	72	0.107	0.111	0.1087	0.1089	0.1133	0.1132	0.1096	0.112033333	0.1135	0.1171	0.1218	0.117466667	0.9215	0.988	0.8633	0.924266667	0.1039	0.1056	0.1068	0.105433333
YI6	Yi6-1_Cocktail 7 (Bill+CCS3+Ump)	72	0.143	0.285	0.133	0.187	0.163	0.159	0.172	0.164666667	0.402	0.455	0.288	0.381666667	0.692	0.7012	0.6941	0.695766667	0.1101	0.1248	0.1178	0.117566667
YI6	Yi6-1_Cocktail 8 (Bop+CCS3+Ump)	72	0.1108	0.1134	0.111	0.111733333	0.1106	0.1121	0.1138	0.112166667	0.118	0.1132	0.1158	0.115666667	0.9215	0.988	0.8633	0.924266667	0.1039	0.1056	0.1068	0.105433333
YI6	Yi6-1_Cocktail 9 (Carl+SDS2+Ump)	72	0.1057	0.1072	0.1077	0.106866667	0.1053	0.1082	0.1066	0.1067	0.1105	0.1124	0.1117	0.111533333	0.9215	0.988	0.8633	0.924266667	0.1039	0.1056	0.1068	0.105433333
YI6	Yi6-1_Cocktail 10 (Ben+Bop+SDS2)	72	0.0976	0.1006	0.375	0.191066667	0.102	0.1019	0.1012	0.1017	0.1007	0.1001	0.1008	0.100533333	0.8116	0.7541	0.7265	0.764066667	0.0992	0.1007	0.1	0.099966667
YI6	Yi6-1_Cocktail 11 (Ben+Bop+Ump)	72	0.137	0.143	0.134	0.138	0.139	0.14	0.142	0.140333333	0.159	0.155	0.16	0.158	0.692	0.7012	0.6941	0.695766667	0.1101	0.1248	0.1178	0.117566667
YI6	Yi6-1_Cocktail 12 (Car+SDS1+Ump)	72	0.138	0.143	0.139	0.14	0.139	0.145	0.142	0.142	0.149	0.156	0.152	0.152333333	0.692	0.7012	0.6941	0.695766667	0.1101	0.1248	0.1178	0.117566667
EF06	EF06_Ben	72	0.1768	0.2372	0.2767	0.230233333	0.4354	0.4594	0.4826	0.459133333	0.4621	0.4732	0.4914	0.475566667	0.8728	0.8322	0.8122	0.839066667	0.1077	0.1073	0.1062	0.107066667
EF06	EF06_Bop	72	0.2923	0.3944	0.3301	0.338933333	0.3384	0.3152	0.2757	0.309766667	0.4514	0.4422	0.4846	0.4594	0.8728	0.8322	0.8122	0.839066667	0.1077	0.1073	0.1062	0.107066667
EF06	EF06_SDS2	72	0.1073	0.1066	0.1092	0.1077	0.1056	0.1088	0.109	0.1078	0.1098	0.2253	0.1097	0.148266667	0.8728	0.8322	0.8122	0.839066667	0.1077	0.1073	0.1062	0.107066667
EF06	EF06_PG2	72	0.7037	0.9682	0.9898	0.887233333	1.0657	0.7375	0.7901	0.864433333	0.1408	0.3726	0.5248	0.346066667	1.5255	1.5286	1.5729	1.542333333	0.1083	0.113	0.1147	0.112
EF06	EF06_PG9	72	0.331	0.3431	0.3328	0.335633333	0.318	0.3676	0.3246	0.336733333	0.4482	0.3969	0.4867	0.443933333	1.5255	1.5286	1.5729	1.542333333	0.1083	0.113	0.1147	0.112
EF06	EF06_PG11	72	1.0725	0.103	0.1011	0.425533333	0.3359	0.4315	0.5026	0.423333333	0.129	0.4948	0.6058	0.409866667	1.5255	1.5286	1.5729	1.542333333	0.1083	0.113	0.1147	0.112
EF06	EF06_PG13	72	0.8654	0.9207	1.0161	0.934066667	0.758	0.2499	0.7677	0.591866667	0.7668	0.4198	0.5798	0.5888	1.5255	1.5286	1.5729	1.542333333	0.1083	0.113	0.1147	0.112
EF06	EF06_Cocktail 1 (SDS2 + Ben)	72	0.1073	0.1104	0.1087	0.1088	0.1096	0.1157	0.1082	0.111166667	0.1231	0.1386	0.1158	0.125833333	0.9129	0.8758	0.858	0.882233333	0.1053	0.1088	0.1091	0.107733333
EF06	EF06_Cocktail 2 (SDS2 + Bop)	72	0.1053	0.105	0.1051	0.105133333	0.1072	0.107	0.1073	0.107166667	0.1083	0.107	0.1048	0.1067	0.9129	0.8758	0.858	0.882233333	0.1053	0.1088	0.1091	0.107733333
EF06	EF06_Cocktail 3 (Ben + Bop)	72	0.1852	0.3458	0.2166	0.2492	0.339	0.3033	0.328	0.323433333	0.435	0.446	0.5516	0.477533333	0.9129	0.8758	0.858	0.882233333	0.1053	0.1088	0.1091	0.107733333
EF06	EF06_Cocktail 4 (Ben + Bop + SDS2)	72	0.1068	0.1072	0.1224	0.112133333	0.1099	0.1088	0.1095	0.1094	0.1093	0.1101	0.1077	0.109033333	0.9129	0.8758	0.858	0.882233333	0.1053	0.1088	0.1091	0.107733333
EF06	EF06_Cocktail 5 (PG9+PG11+PG13)	72	0.2639	0.3242	0.3634	0.317166667	0.1457	0.112	0.2174	0.158366667	0.1193	0.1174	0.1122	0.1163	0.9702	0.9168	0.87	0.919	0.103	0.103	0.1036	0.1032
EF06	EF06_Cocktail 6  (PG2+PG9+PG13)	72	0.3	0.3675	0.4473	0.3716	0.1034	0.3835	0.6644	0.383766667	0.111	0.1136	0.1117	0.1121	0.9702	0.9168	0.87	0.919	0.103	0.103	0.1036	0.1032
EF06	EF06_Cocktail 7  (PG2+PG9+PG11)	72	0.3275	0.3445	0.3658	0.345933333	0.1081	0.1052	0.3166	0.176633333	0.1227	0.1096	0.1114	0.114566667	0.9702	0.9168	0.87	0.919	0.103	0.103	0.1036	0.1032
EF06	EF06_V12	72	0.596	0.6871	0.5407	0.607933333	0.7845	0.8043	0.8162	0.801666667	0.5699	0.5671	0.5908	0.575933333	0.9255	0.8652	0.8514	0.8807	0.1299	0.13	0.1316	0.1305
EF06	EF06_CCS2	72	0.3116	0.1428	0.3634	0.2726	0.4727	0.2501	0.3752	0.366	0.4727	0.18	0.4478	0.366833333	0.9255	0.8652	0.8514	0.8807	0.1299	0.13	0.1316	0.1305
EF06	EF06_SDS1	72	0.8048	0.7383	0.7165	0.7532	0.2648	0.5581	0.413	0.411966667	0.7335	0.7309	0.7773	0.747233333	0.9255	0.8652	0.8514	0.8807	0.1299	0.13	0.1316	0.1305
EF06	EF06_Cocktail 8  (V12+CCS2)	72	0.3034	0.3202	0.1608	0.261466667	0.3258	0.3972	0.544	0.422333333	0.2362	0.4247	0.4646	0.375166667	0.9255	0.8652	0.8514	0.8807	0.1299	0.13	0.1316	0.1305
EF06	EF06_Cocktail 9  (SDS1+SDS2)	72	0.299	0.1678	0.1718	0.212866667	0.2362	0.1919	0.2376	0.2219	0.2994	0.1307	0.1317	0.187266667	0.9255	0.8652	0.8514	0.8807	0.1299	0.13	0.1316	0.1305
EF06	EF06_Cocktail 10  (V12+CCS2+SDS1)	72	0.2789	0.2626	0.2908	0.277433333	0.2852	0.3634	0.2811	0.3099	0.208	0.3114	0.2179	0.245766667	0.9255	0.8652	0.8514	0.8807	0.1299	0.13	0.1316	0.1305
EF11	EF11_Bop	72	0.3164	0.3286	0.2706	0.3052	0.3805	0.434	0.4386	0.4177	0.3563	0.1944	0.2101	0.2536	0.9129	0.8758	0.858	0.882233333	0.10895	0.1088	0.1091	0.10895
EF11	EF11_Bill	72	0.3282	0.2258	0.3602	0.304733333	0.5201	0.4745	0.5611	0.518566667	0.5862	0.7098	0.7342	0.676733333	0.9129	0.8758	0.858	0.882233333	0.10895	0.1088	0.1091	0.10895
EF11	EF11_Car	72	0.2212	0.255	0.2833	0.253166667	0.2106	0.3156	0.258	0.2614	0.236	0.2435	0.2817	0.253733333	0.9129	0.8758	0.858	0.882233333	0.10895	0.1088	0.1091	0.10895
EF11	EF11_SDS1	72	0.3246	0.4333	0.4884	0.415433333	0.3541	0.3303	0.441	0.375133333	0.2396	0.2679	0.2139	0.240466667	0.9129	0.8758	0.858	0.882233333	0.10895	0.1088	0.1091	0.10895
EF11	EF11_SDS2	72	0.4443	0.4592	0.5469	0.483466667	0.5264	0.5569	0.4469	0.510066667	0.4825	0.192	0.3562	0.343566667	0.9129	0.8758	0.858	0.882233333	0.10895	0.1088	0.1091	0.10895
EF11	EF11_Ump	72	0.3514	0.3878	0.3114	0.3502	0.2045	0.2597	0.2462	0.2368	0.2686	0.2151	0.2172	0.233633333	0.9129	0.8758	0.858	0.882233333	0.10895	0.1088	0.1091	0.10895
EF11	EF 11_Cocktail 1 (Ben+Bop)	72	0.2644	0.3329	0.3724	0.323233333	0.3273	0.3806	0.439	0.3823	0.2071	0.2282	0.1968	0.2107	0.7987	0.7816	0.8389	0.8064	0.0992	0.1009	0.0999	0.1
EF11	EF 11_Cocktail 2 (Bop+SDS2)	72	0.2932	0.1568	0.328	0.259333333	0.4063	0.3682	0.2146	0.3297	0.1392	0.1554	0.4751	0.256566667	0.7987	0.7816	0.8389	0.8064	0.0992	0.1009	0.0999	0.1
EF11	EF 11_Cocktail 3 (SDS1+SDS2)	72	0.4163	0.2112	0.3394	0.3223	0.486	0.3489	0.3474	0.3941	0.2046	0.2188	0.2469	0.223433333	0.9123	0.866	0.8085	0.862266667	0.1059	0.1074	0.1059	0.1064
EF11	EF 11_Cocktail 4 (Bop+Ump)	72	0.2495	0.1898	0.2864	0.2419	0.2682	0.2648	0.2758	0.2696	0.2034	0.1565	0.2293	0.1964	0.7987	0.7816	0.8389	0.8064	0.0992	0.1009	0.0999	0.1
EF11	EF 11_Cocktail 5 (Ben+Car+Carl)	72	0.3335	0.3459	0.3002	0.326533333	0.2573	0.3029	0.332	0.2974	0.3492	0.3351	0.3197	0.334666667	0.9123	0.866	0.8085	0.862266667	0.1059	0.1074	0.1059	0.1064
EF11	EF 11_Cocktail 6 (Bop+Bill+Car)	72	0.3687	0.2769	0.4279	0.357833333	0.4448	0.3598	0.3476	0.384066667	0.3294	0.3397	0.3635	0.3442	0.9123	0.866	0.8085	0.862266667	0.1059	0.1074	0.1059	0.1064
EF11	EF 11_Cocktail 7 (Car+Bop+Ump)	72	0.338	0.3169	0.4196	0.358166667	0.4263	0.4488	0.433	0.436033333	0.3164	0.3733	0.317	0.335566667	0.9123	0.866	0.8085	0.862266667	0.1059	0.1074	0.1059	0.1064
EF11	EF 11_Cocktail 8 (SDS1+SDS2+Ump)	72	0.3832	0.4951	0.5072	0.461833333	0.227	0.5172	0.3151	0.3531	0.357	0.1819	0.3543	0.297733333	0.9123	0.866	0.8085	0.862266667	0.1059	0.1074	0.1059	0.1064
EF11	EF 11_Cocktail 9 (SDS2+Ben+Ump)	72	0.1843	0.1585	0.242	0.194933333	0.4705	0.4418	0.3217	0.411333333	0.2162	0.3237	0.2544	0.264766667	0.9123	0.866	0.8085	0.862266667	0.1059	0.1074	0.1059	0.1064
EF11	EF 11_Cocktail 10 (Ben+Bop+SDS2)	72	0.302	0.4361	0.395	0.3777	0.4879	0.485	0.5022	0.4917	0.4213	0.3878	0.352	0.387033333	0.7987	0.7816	0.8389	0.8064	0.0992	0.1009	0.0999	0.1